1.969381352047465672e+00
-2.502562712776593479e+00
1.997540657950778620e+00
nan
3.037817927234290671e+00
inf
3.001264075337227055e+00
3.549304610752635369e+00
3.446243684702660293e+00
inf
nan
3.601608664329280507e-01
2.845061780300734089e+00
3.464878627520400656e+00
3.100590886919047051e+00
1.502247131345568754e+00
7.573689575128106366e-01
nan
-3.450169339221650366e-01
-1.997506450615679885e+00
2.312930295818912185e+00
nan
-6.038883994043946490e-01
nan
2.461540263984738353e+00
2.978261774827140052e+00
3.637461027888269527e+00
3.205956559164458763e+00
1.953513281175577321e+00
2.381256640518003120e+00
1.973449973795934342e+00
1.921287455924859611e+00
nan
1.989302154458884697e+00
1.316935471183857231e+00
4.537711908997848376e+00
3.624574133816499177e+00
nan
3.161443484234352841e+00
3.263002380534522295e+00
2.881334461218514775e+00
2.302189594794395777e+00
inf
3.838229550928834666e+00
2.992062007709086036e+00
-2.570132462483269431e-01
nan
4.320540484601244735e+00
8.531468853240391503e-01
2.823175772216187873e+00
3.091113064811553901e+00
nan
nan
2.855812883761218224e+00
nan
2.903926428350441125e+00
nan
3.403723468714910716e+00
3.345319100057182027e+00
nan
2.406579059694556211e+00
2.124004908237771883e+00
1.911151513691027315e+00
1.642693868647923772e+00
nan
2.300231014718970624e+00
3.534221289571039648e+00
6.228900321453471056e-01
nan
5.955694504618371798e-01
2.017271584709289023e+00
2.301957215163288772e+00
1.300099770793871734e+00
nan
nan
2.658790015493374792e+00
3.708449019116516254e+00
2.875862134043490226e+00
2.593534535052995915e-01
8.728922685548781146e-01
nan
-2.223298772123355194e-01
inf
3.311071395880819335e+00
2.015786257894831124e+00
-1.115867631180675473e-01
nan
inf
3.215831490133745252e+00
1.620570309843111234e+00
3.555093370317035095e+00
2.555942003835609544e+00
2.479938785406663460e+00
2.527729110062215678e+00
2.825593640995804012e+00
2.841723540518501512e+00
nan
2.651052577918841191e+00
8.399876413157212340e-01
3.030849096116336128e+00
2.739850822074512138e+00
2.717719123834165806e+00
3.484629496733988585e+00
nan
3.047874407970116550e+00
3.711119436729616528e+00
-1.482923150644631205e+00
nan
3.752830561586063318e+00
4.286391066130341265e+00
1.890270118174491198e+00
5.338701840485917671e-01
nan
2.778558279190896041e+00
2.691041633589002391e+00
2.820996189450415859e+00
3.962089366206078989e+00
nan
2.375944552821193323e+00
nan
3.354263504420695430e+00
2.311887299208823965e+00
-6.632088272051098743e-01
3.130389660535552121e+00
3.580834927732856610e+00
4.552904768381976219e-01
nan
nan
4.033266308537198697e+00
1.840445940542689618e+00
2.886561885569346675e+00
nan
2.876016954401315662e+00
nan
nan
3.346867047935203843e+00
2.438282390511973485e+00
3.501609535589692346e+00
2.940484149318355556e+00
1.319283674030565789e+00
nan
3.017065237491032725e+00
nan
nan
1.746476109884946615e+00
nan
nan
2.218566557844064313e+00
3.126493004377898011e+00
3.811267063471226901e+00
3.251382093253882388e+00
1.998474196417924231e+00
2.830046209712915317e+00
3.216680354675474529e+00
3.840514726514179245e+00
-1.495458721986507034e-01
2.978167114568691876e+00
3.769713228946789396e+00
2.853053964085098038e+00
2.055249096337393500e+00
3.144434304972525407e+00
3.248895132612504622e+00
nan
2.015974213798969128e+00
3.539648592172280672e+00
1.835418495726890420e+00
-4.886555351979215089e+00
3.886756402643340547e+00
-5.476103448538506946e+00
inf
3.105452990216401421e+00
nan
2.358597726319992649e+00
3.952174958266949201e+00
2.522736117039515058e+00
3.562731845485187954e+00
7.685582444441750871e-01
3.933545900222999769e+00
2.945643547851267474e+00
inf
3.567174170825727408e+00
2.968309520780483268e+00
3.304288154720820270e+00
3.608697789786610155e+00
2.200226248306030197e+00
2.976597365442687604e+00
1.605563836832728519e+00
2.457813706184185598e+00
-5.595888883177285028e-03
2.799914918319622359e+00
1.123050318818272997e+00
3.248781424606949741e+00
1.420641417596036238e+00
3.444122578963002113e+00
3.426027453609115092e+00
1.287175042286037074e+00
3.156112275014810287e+00
2.674607284476499203e+00
3.608002395990160593e+00
-7.300734261887836807e-01
1.096210395616811217e+00
3.597521941477760166e+00
2.908534814611629660e+00
1.773734472732822809e+00
3.579041978249135614e+00
nan
3.624351795168772039e+00
2.317351955145024345e+00
4.337132392671438907e+00
1.176690026912004639e+00
3.334801788877663320e+00
inf
-7.833764607768524124e-01
1.591868624356083117e+00
-9.446489287811289381e-01
2.093435063743280367e+00
8.890551376367645808e-01
2.906738799247218896e+00
2.956728737453967248e+00
3.197586610874850521e+00
2.959539990543037735e+00
nan
nan
3.167072704977099917e+00
1.529405483778249808e+00
-4.773605883284967710e+00
9.498056977332710593e-01
3.144320919311619722e+00
nan
1.952353151549010901e+00
3.215317353815096091e+00
3.931532984987306190e+00
2.886308448602181276e+00
3.395677198565684840e+00
3.104223748973401253e+00
3.149958148007087733e+00
3.973550875200491550e+00
3.924743513251851112e+00
nan
1.767830096154049402e+00
2.125327524363446408e+00
2.040187375989880092e+00
2.709522080089795892e+00
5.870344510966104545e-01
2.328351608616467949e+00
nan
3.413363027310364117e+00
1.799664302345136857e+00
2.970197346495570656e+00
3.206229927862674245e+00
3.178211763301243220e+00
5.347020363683561150e-01
nan
nan
3.664508347200718497e+00
2.983345870637482911e+00
1.509473551275505976e+00
1.923256316304819968e+00
1.438340647451684662e+00
nan
1.869996797511450870e+00
1.546416638968462820e+00
3.375641534015781708e+00
nan
1.196508278539067049e+00
3.091165264638461974e+00
2.186168007165299465e-01
3.747484460094691272e+00
nan
2.485415796764421259e+00
nan
1.809980715801340789e+00
3.890877393045837795e+00
2.072074934938516577e+00
3.478036049453970602e+00
2.969918219354469091e+00
2.677759751381850961e+00
3.610772369761395595e+00
3.439655979771905958e+00
nan
1.866140992859671721e+00
nan
nan
3.591493709317623129e+00
3.132767539011692914e+00
3.542567198984895693e+00
3.699899806763883969e+00
1.342183897384321700e-01
2.547949519353159609e+00
2.889204781174514292e+00
3.203747781714432197e+00
1.858094869299447671e+00
2.933783541248572213e+00
3.055343298146859343e+00
2.151022027708100914e+00
nan
3.832429195145692358e+00
nan
nan
1.604619200885776031e+00
2.022425186508570061e+00
nan
nan
3.420125971133785914e+00
3.139146104958351557e+00
2.266506443521890457e+00
nan
4.331336404569982257e+00
3.214500658825598212e+00
1.871451606554964231e+00
3.321601985157135228e+00
2.852374691198347190e+00
-1.793230160811796869e+00
2.246265685511330989e+00
2.704652995568534113e+00
3.114720590187709970e+00
2.055966081372843757e+00
2.717189570947300847e+00
3.528664265441998182e+00
nan
2.807784796282870143e+00
1.982149335133572610e+00
nan
nan
nan
1.234477684708813694e+00
nan
1.433323969078840410e+00
3.927174044191659608e+00
2.783672975245783388e+00
3.199274770297266368e+00
4.025785000676474823e+00
3.275684696980457833e+00
9.206047084927639901e-01
2.593031613170626137e+00
1.762437352315280314e+00
2.975649604773298318e+00
-4.572535340383747204e+00
2.627626205488229338e+00
nan
2.265391852166924735e+00
nan
9.265080713953544045e-01
4.384173955199359263e+00
2.794222082735249302e+00
3.437702661543727611e+00
3.379183722648102961e+00
3.395916672560480798e+00
nan
nan
3.385981354926912434e+00
3.912778388113157479e+00
2.596277622839682664e+00
4.577132798631438071e+00
nan
3.407323041281746345e+00
4.328880645607460664e+00
nan
-3.013996856936240309e+00
-3.662898149621770738e+00
nan
2.032152111282943263e-01
7.868958022384967554e-01
1.989385068819884694e-01
-2.674115744523196891e+00
2.435043243231028942e+00
2.923315830106701263e+00
nan
3.132608344666381051e+00
nan
1.726883402075799046e+00
3.124846377832059208e+00
nan
2.266929851060515144e+00
3.680014987559267148e+00
3.372130608339380053e+00
2.378415884760568755e+00
1.251333625530194116e+00
2.174834987647879192e+00
2.968300273633626585e+00
nan
2.762735053741927072e+00
1.196076046373514945e+00
2.781249224881397808e+00
nan
nan
1.343824319474998585e+00
7.120851237225532815e-01
3.951035758988981517e+00
2.983696695772476648e+00
nan
nan
2.084203763878123894e+00
2.731548603861541302e+00
2.191482742707688836e+00
nan
nan
nan
1.486870960548288156e+00
3.165179179800524878e+00
nan
3.320040989419827060e+00
nan
1.961553044387645439e+00
nan
1.310119759564980280e+00
nan
nan
1.354952155207501119e-01
nan
3.400410713059686341e+00
nan
3.433273806238826609e+00
3.315762469908984933e+00
3.617328130320797808e+00
1.594148912779993266e+00
3.859126615093071866e+00
2.926448053301418106e+00
4.043938920107727486e-01
1.740142226448108786e+00
2.790813859373698858e+00
2.946429558505749835e+00
-4.570346416992666638e-01
2.123120050242209622e+00
-4.356248878744974462e+00
3.559336578975096810e+00
3.359641728837383212e+00
3.165417875776467493e+00
3.982757686334093439e+00
3.059595212653407614e+00
3.070572219051592722e+00
2.218370649820510465e+00
3.156739013650332382e+00
nan
3.231063737802106761e+00
1.116155122363384100e+00
2.685632630857674563e+00
3.601866910879263362e+00
3.854053557335384017e-01
1.048119863182091160e+00
3.291380861448462536e+00
4.309733162552485730e+00
nan
2.948252781256525346e+00
nan
3.576421973486600958e+00
-2.192087090743676470e+00
2.934245628176345377e+00
2.941064352623422806e+00
2.535500259230537567e-01
3.136414614517231580e+00
2.045511620397726382e+00
2.319598818985775246e+00
3.631363400166438993e+00
-2.791586034809802719e+00
-2.597535574286864879e+00
3.697990403668071746e+00
2.856660620716680921e+00
3.407124287547956154e+00
3.690000901973560676e+00
1.803327104718203344e+00
2.325968766318702308e+00
3.852138446322260545e+00
3.715503914514619588e+00
1.910529267582453672e+00
nan
-2.901482713876698760e+00
2.921838848130250188e+00
1.328287689700505814e+00
3.439125882836742143e+00
3.022506740952243920e+00
nan
nan
2.443612478312534808e+00
nan
3.429733463735784582e+00
nan
2.755507768717845085e+00
nan
nan
2.556124800730036561e+00
nan
nan
3.589827299235288205e+00
nan
nan
3.851817144157946071e+00
-3.433552086526534985e+00
1.527106833624705784e+00
4.050305355673451402e+00
1.828283721220019586e+00
3.033316280540433674e+00
nan
3.272147529290603707e+00
4.401886855911759433e+00
3.515945341593943230e+00
2.265311153399340860e+00
nan
-1.369546037873177469e-01
3.588198874241697034e+00
1.600268167170715738e+00
nan
4.041152832293516184e+00
nan
2.046619255105543989e+00
1.545408391403375159e+00
1.243713070919227004e+00
2.179971944309884169e+00
2.023257310771819473e+00
nan
2.451271153136438397e+00
1.652831655475637707e+00
3.258767659074714995e+00
3.244086964870245282e+00
nan
-1.609347742978293860e+00
3.550798003825514915e+00
nan
3.231687472933392424e+00
-1.191882093119550845e+00
3.048793517578336054e+00
2.896727744553987183e+00
2.650927377458296874e+00
2.421729012469584941e+00
nan
3.803635245013359256e+00
3.376783198838943179e+00
nan
2.201127421366532833e+00
1.795192244209944388e+00
2.619811146823746717e-01
1.787945006446760132e+00
nan
-2.562398687220681648e-01
2.860857075904264413e+00
nan
1.337141385117900150e+00
nan
2.969933275520522109e+00
nan
nan
1.576961189025164023e+00
1.769293826826003668e+00
2.845960858168397944e+00
2.073703084444071809e+00
3.606564765707340747e+00
nan
nan
2.901500240750315207e+00
2.308991451044374088e+00
3.567850257626278498e+00
3.278665980890308695e+00
3.088742846858440139e+00
2.359954333045610753e+00
nan
2.766049251933279329e+00
1.188282689719330820e+00
-1.449916391180692044e+00
3.726187905466769479e+00
3.162849663414665891e+00
nan
2.460163016616491838e+00
nan
1.529475970223733272e+00
nan
2.800703702511559978e+00
nan
1.252979264810506033e+00
3.922274953187879554e+00
4.971357571641660256e-01
3.569925915433831864e+00
2.303513434222188572e+00
4.301630353131265849e+00
2.761869754066406113e+00
2.078991116263189110e+00
-5.419520357126389465e-02
3.797830081632806998e+00
1.463538574299647399e+00
3.667384312277908620e+00
1.122497633847692855e+00
3.613678881185511393e+00
1.316411233919090318e+00
nan
inf
nan
-2.724356192067303173e+00
1.101901943495672054e+00
2.685909627658817467e+00
2.059276478431005142e+00
1.664715297615543266e+00
3.409812137957953571e+00
2.772343703973832785e+00
1.577380388174493664e+00
3.811783317055542852e+00
nan
1.469931560407951032e+00
3.333275355746613933e+00
3.330760787977673498e+00
-9.239941309264546598e-01
3.070831340542846899e+00
nan
8.124633481609691010e-01
3.178793030464054592e+00
3.224026379734759917e+00
3.211011732316435996e+00
3.845740092032537749e+00
nan
2.947672113490104273e+00
2.679465992714516798e+00
3.414214317895346795e+00
3.336698634578053380e+00
3.344854112446672190e+00
3.368069333781362751e+00
2.772293090627477863e+00
nan
3.226853994487609789e+00
1.237540902356920380e+00
3.138828672039375434e+00
nan
3.399939920156253681e+00
1.872903358878523994e+00
nan
1.493814587118477366e+00
2.340443446081402978e+00
1.895326287194277093e+00
2.797229856861070729e+00
nan
1.838878774003621874e+00
nan
2.930159438738308531e+00
nan
nan
3.699710438340861884e+00
2.290441454115405229e+00
1.405742758141559356e+00
nan
2.477268802034201300e+00
3.117112442529585969e+00
3.875809495366234980e+00
3.438259539108416973e+00
1.733601599468243437e+00
2.301884440581775326e+00
nan
3.220100140416578327e+00
2.133755381544455432e+00
3.385219524555578285e+00
3.874100281806684531e+00
1.089970114143318375e-01
2.527862420379651809e+00
3.649888687647582231e+00
nan
3.229509556401113368e+00
3.712168519507425213e+00
3.669233559616575047e+00
1.370006555172508689e+00
nan
2.823353005273109062e+00
1.719572724297135480e+00
nan
4.413092426621797237e+00
nan
2.934664805693137257e+00
4.492509499225265657e+00
1.501574654998646619e+00
nan
1.679697821387954981e+00
1.899561052960475394e+00
nan
3.894680284038865903e+00
-5.820944927111103978e-02
2.793648446210776015e+00
2.857662357993858926e+00
2.519741526593344272e+00
2.882992268355315968e+00
nan
nan
3.175421121752747489e+00
9.654136612524071293e-01
2.529203377049264567e+00
nan
2.685434797637550108e+00
2.678428285953212917e+00
4.052411153096498353e+00
nan
nan
-5.053103362346189620e+00
3.202525429992640227e+00
4.190585519619667298e-01
1.408938509111511195e+00
-7.035991229297808847e-01
3.470691108287157434e+00
2.802376635115579884e+00
3.616461807098136028e+00
3.023305381884431320e+00
3.215718497253694075e+00
nan
3.291499303299356693e+00
nan
8.017904955037943315e-01
1.969463991834145444e+00
3.294056747500921478e+00
3.809830344235775268e+00
4.067882047549669977e+00
2.437795007759178123e+00
2.955974789387023183e+00
2.368316259449306793e-01
3.732782668583807251e+00
1.777912611050509462e+00
3.323568713503813665e+00
nan
-3.381897901941195439e-01
3.212383592115113817e+00
nan
2.715908437556201704e+00
3.051132700393865971e+00
5.917381491515508740e-01
6.770077083463130752e-01
9.551910238032422784e-01
2.788454762204000126e+00
4.190351244231925065e+00
2.562501378728298640e+00
2.890642795087173589e+00
3.601446743140448881e+00
1.987341714394480929e+00
1.512614106224007493e+00
3.169014888490070625e+00
3.033815772636103691e+00
nan
1.626933319231762543e+00
3.251979553854559502e+00
3.334153104493374986e+00
3.046961170707816358e+00
2.305259642473642234e+00
2.026650331397096050e+00
nan
-5.047140298541185066e-01
1.964931324690147196e+00
nan
2.731977177792013656e+00
nan
nan
1.155081040462639486e+00
2.644287962037202622e+00
8.990610504951295212e-01
2.546906210090881473e+00
3.387543175764291092e+00
1.836588331813776342e+00
3.823401214588557195e+00
3.732898268351382054e+00
3.740525750446102027e+00
3.080471197291042795e+00
1.637178450482372982e+00
2.994260766069845481e+00
3.524049840693456392e+00
2.658135771204714004e+00
nan
2.433771196713139684e+00
1.066680057414324923e+00
2.192998405129788164e+00
2.961970233701824551e+00
3.826279277244711174e+00
nan
3.538985202840184474e+00
2.065631386658151936e+00
3.891931647071714906e+00
1.362964275475307740e+00
3.459027516695357907e+00
nan
nan
2.957902872310330444e+00
3.698279582131079657e+00
nan
-1.875687207925494093e-01
nan
3.642701855133482880e+00
1.227842441864825496e+00
2.616953324776218448e+00
3.150493575114524436e+00
3.608555352245697456e+00
2.292001336076745055e+00
3.142112816333921810e+00
2.246880162241150281e+00
nan
3.779240317014487704e+00
4.410246431713799597e-01
2.200184100443923096e+00
2.818140214253395115e+00
3.288580698354372167e+00
3.309829153039434591e+00
3.511812031859577576e+00
3.056289890014401767e+00
nan
nan
3.915725700713810209e+00
3.413112158576246280e+00
1.860842866119675865e+00
nan
nan
3.140558591250034226e+00
2.945451753127347416e+00
2.800777537686390595e+00
3.084634531570251248e+00
2.442494690894438936e+00
nan
nan
3.162485368734636371e+00
3.187353832222067140e+00
nan
3.083678890671892603e+00
-3.679452168784679955e+00
-1.195898790809624482e-02
nan
1.195451686765075072e+00
3.612348066194714491e+00
3.906787822093662044e+00
2.474565235854150558e+00
2.787650107537603450e+00
3.888809832059431315e+00
2.299500172837476430e+00
3.090220698879240224e+00
3.683431036488306276e+00
3.048562140535296727e+00
3.696550428695385193e+00
nan
3.899138628785791205e+00
2.755037987178575509e+00
1.074214520777105442e+00
2.851998188706511783e+00
2.440866963830487180e+00
2.727184889158556391e+00
3.220241526164165258e+00
1.122600354068984174e+00
1.428252899975998913e+00
-6.925783669437552970e-01
2.245681079130579683e+00
1.007430583401247803e+00
3.696704877181908433e+00
nan
2.662019605454257309e+00
4.061530534321008190e+00
2.519932026225506494e+00
3.397477099231030362e+00
1.442742298187714711e+00
nan
nan
2.056119540199671469e+00
nan
nan
2.189480659306134225e+00
nan
3.093267992291364177e+00
2.023105743357528574e+00
2.813402295167621858e+00
3.434883760890465432e+00
3.442186898014208296e+00
3.494390487674511991e+00
1.148784486857731046e+00
2.979740921759808980e+00
nan
3.089700370710614763e+00
nan
3.255563362222874790e+00
2.668019490564832008e+00
1.769592981104252116e+00
nan
7.167953046177922838e-01
3.038695056316369936e+00
nan
2.751654875221854368e+00
nan
-4.706262818423259553e+00
3.169434720745314849e+00
3.107945809110631785e+00
3.097504840986163188e+00
3.653124323471576673e+00
3.048475260200337100e+00
3.338458161500247101e+00
2.998485969871048429e+00
nan
1.725923798493829153e-01
nan
3.656388983883058330e+00
3.824187517414225468e+00
2.651423460607740257e+00
nan
nan
3.215499431967844490e+00
5.342410823701679856e-01
-1.975269950908630889e+00
3.612726128363546341e+00
nan
3.819089022125172317e+00
nan
1.103310297441298049e+00
2.994678842735656321e+00
nan
nan
2.306330410380765361e+00
1.747046439011274765e+00
3.132389092273603293e+00
2.940800313147892364e+00
1.658611026316843651e+00
1.708383789404112507e+00
7.745393295336896466e-01
1.784818728853579950e+00
nan
8.944813863385436825e-01
nan
2.115662263260009723e+00
2.498761302638880633e+00
nan
3.246025785053735735e+00
6.555164240405119136e-01
nan
3.158513548079927791e+00
3.826138119449522534e+00
2.798156180385918290e+00
3.267300349381364821e+00
3.358428290611773281e+00
3.583371343733413372e+00
3.643111282441399812e+00
2.486687728877905457e+00
3.217059740099097009e+00
nan
3.503657437511609629e+00
2.079774834874434042e+00
3.726685158307597501e+00
nan
3.700363867863570189e+00
1.954413136337697310e+00
nan
3.188476358783235209e+00
3.297032944347249472e+00
1.021413279720308154e+00
3.904935738482562257e+00
nan
3.870144539743173517e+00
3.994878098269854849e+00
nan
3.120202407353958041e+00
1.713096171529397749e+00
1.394208803073700320e+00
3.931780688139193902e+00
nan
nan
nan
nan
3.106893796464180291e+00
2.899781656450862055e+00
3.404692810781458245e+00
1.406688372550546129e+00
3.676714944478958635e+00
nan
nan
3.045343471032674110e+00
2.743552447566716346e+00
3.119794170782563381e+00
3.036049395402649953e+00
1.922454764055906207e+00
4.543143341797525103e+00
2.915174636967104771e+00
1.853462940915953761e+00
3.343106571520694459e+00
2.585312747309911341e+00
7.874140145543451208e-01
3.746710798841967893e+00
2.221737090640360623e+00
1.839976822711666626e+00
1.499832492179939747e+00
3.011712562580074248e+00
nan
8.279608218959197963e-01
2.255149204846494115e-01
2.333206573459613575e-01
nan
3.536181905258550806e+00
-9.865227028282953781e-02
2.560250274754424460e+00
3.138330451900134488e+00
4.568640034058487842e+00
nan
2.170083707808323048e+00
nan
-5.428991442579768290e+00
2.519844884796448969e+00
1.814006693811885951e+00
nan
3.582653269732508416e+00
9.156851340637025549e-01
2.632057791636690069e+00
3.346592407664470414e+00
2.768892884665580922e+00
3.232339116329856044e+00
1.961821293417412848e+00
3.573542572253756600e+00
2.889631569867474159e+00
2.068864907383259677e+00
2.786610559060335390e+00
3.530104909901570220e+00
-4.258168231574087081e-01
