
-1.0	-1.0	-1.0	-1.0	-1.0	-1.0	-1.0	-1.0	-1.0	-1.0	-1.0	-1.0	-1.0	-1.0	-1.0	-1.0	377.0	377.0
-1.0	-1.0	-1.0	-1.0	-1.0	-1.0	-1.0	-1.0	-1.0	-1.0	1.0	-1.0	-1.0	-1.0	-1.0	-1.0	8.0	385.0
-1.0	-1.0	-1.0	-1.0	-1.0	-1.0	-1.0	-1.0	-1.0	-1.0	-1.0	-1.0	-1.0	1.0	-1.0	-1.0	6.0	391.0
-1.0	-1.0	-1.0	-1.0	-1.0	-1.0	1.0	-1.0	-1.0	-1.0	-1.0	-1.0	-1.0	-1.0	-1.0	-1.0	8.0	399.0
-1.0	1.0	-1.0	-1.0	-1.0	-1.0	-1.0	-1.0	-1.0	-1.0	-1.0	-1.0	-1.0	-1.0	-1.0	-1.0	7.0	406.0
-1.0	-1.0	-1.0	-1.0	-1.0	-1.0	-1.0	-1.0	-1.0	-1.0	1.0	-1.0	-1.0	1.0	-1.0	-1.0	1.0	407.0
-1.0	-1.0	-1.0	1.0	-1.0	-1.0	-1.0	-1.0	-1.0	-1.0	-1.0	-1.0	-1.0	-1.0	-1.0	-1.0	6.0	413.0
-1.0	-1.0	1.0	-1.0	-1.0	-1.0	-1.0	-1.0	-1.0	-1.0	-1.0	-1.0	-1.0	-1.0	-1.0	-1.0	8.0	421.0
1.0	-1.0	-1.0	-1.0	-1.0	-1.0	-1.0	-1.0	-1.0	-1.0	-1.0	-1.0	-1.0	-1.0	-1.0	-1.0	13.0	434.0
-1.0	-1.0	-1.0	-1.0	-1.0	-1.0	-1.0	-1.0	-1.0	1.0	-1.0	-1.0	-1.0	-1.0	-1.0	1.0	1.0	435.0
-1.0	-1.0	1.0	-1.0	1.0	-1.0	-1.0	-1.0	-1.0	-1.0	-1.0	-1.0	-1.0	-1.0	-1.0	-1.0	1.0	436.0
-1.0	-1.0	-1.0	-1.0	-1.0	-1.0	-1.0	-1.0	-1.0	-1.0	-1.0	-1.0	-1.0	-1.0	1.0	-1.0	8.0	444.0
-1.0	-1.0	-1.0	-1.0	-1.0	-1.0	-1.0	1.0	-1.0	-1.0	-1.0	-1.0	-1.0	-1.0	-1.0	-1.0	3.0	447.0
-1.0	-1.0	-1.0	-1.0	-1.0	1.0	-1.0	-1.0	-1.0	-1.0	-1.0	-1.0	-1.0	-1.0	-1.0	-1.0	8.0	455.0
-1.0	-1.0	-1.0	-1.0	-1.0	-1.0	-1.0	-1.0	-1.0	-1.0	-1.0	-1.0	-1.0	-1.0	-1.0	1.0	5.0	460.0
-1.0	-1.0	-1.0	-1.0	-1.0	-1.0	-1.0	-1.0	-1.0	1.0	-1.0	-1.0	-1.0	-1.0	-1.0	-1.0	6.0	466.0
-1.0	1.0	-1.0	-1.0	-1.0	-1.0	-1.0	-1.0	-1.0	1.0	-1.0	1.0	-1.0	-1.0	-1.0	-1.0	1.0	467.0
-1.0	-1.0	-1.0	-1.0	-1.0	-1.0	-1.0	-1.0	-1.0	-1.0	-1.0	-1.0	1.0	-1.0	-1.0	-1.0	7.0	474.0
-1.0	-1.0	-1.0	-1.0	-1.0	1.0	-1.0	-1.0	-1.0	-1.0	-1.0	-1.0	-1.0	1.0	-1.0	-1.0	2.0	476.0
-1.0	-1.0	-1.0	-1.0	-1.0	-1.0	1.0	-1.0	1.0	-1.0	-1.0	-1.0	-1.0	-1.0	-1.0	-1.0	1.0	477.0
-1.0	-1.0	1.0	-1.0	-1.0	1.0	-1.0	-1.0	-1.0	-1.0	-1.0	-1.0	-1.0	-1.0	-1.0	-1.0	1.0	478.0
-1.0	-1.0	-1.0	-1.0	-1.0	-1.0	-1.0	-1.0	1.0	-1.0	-1.0	-1.0	-1.0	-1.0	-1.0	-1.0	3.0	481.0
-1.0	-1.0	-1.0	-1.0	-1.0	-1.0	-1.0	-1.0	-1.0	-1.0	-1.0	1.0	-1.0	-1.0	-1.0	-1.0	5.0	486.0
-1.0	-1.0	-1.0	-1.0	1.0	-1.0	-1.0	-1.0	-1.0	-1.0	-1.0	-1.0	-1.0	-1.0	-1.0	-1.0	5.0	491.0
-1.0	-1.0	-1.0	1.0	-1.0	-1.0	-1.0	-1.0	-1.0	-1.0	-1.0	1.0	-1.0	-1.0	-1.0	-1.0	1.0	492.0
-1.0	-1.0	-1.0	-1.0	-1.0	-1.0	1.0	-1.0	-1.0	-1.0	1.0	-1.0	-1.0	-1.0	-1.0	-1.0	1.0	493.0
-1.0	-1.0	1.0	-1.0	-1.0	-1.0	-1.0	-1.0	-1.0	-1.0	-1.0	-1.0	-1.0	-1.0	-1.0	1.0	1.0	494.0
-1.0	-1.0	-1.0	-1.0	-1.0	-1.0	-1.0	1.0	-1.0	-1.0	-1.0	-1.0	-1.0	1.0	-1.0	-1.0	1.0	495.0
-1.0	-1.0	-1.0	-1.0	1.0	-1.0	-1.0	-1.0	1.0	-1.0	-1.0	-1.0	-1.0	-1.0	-1.0	-1.0	1.0	496.0
-1.0	-1.0	-1.0	1.0	-1.0	-1.0	-1.0	-1.0	-1.0	-1.0	-1.0	-1.0	-1.0	-1.0	-1.0	1.0	1.0	497.0
-1.0	-1.0	-1.0	1.0	-1.0	-1.0	-1.0	-1.0	-1.0	-1.0	-1.0	-1.0	1.0	-1.0	-1.0	-1.0	1.0	498.0
-1.0	1.0	-1.0	-1.0	-1.0	1.0	-1.0	-1.0	-1.0	-1.0	-1.0	-1.0	-1.0	-1.0	-1.0	-1.0	1.0	499.0
1.0	1.0	-1.0	1.0	1.0	1.0	1.0	1.0	1.0	1.0	1.0	1.0	1.0	1.0	1.0	1.0	4.0	503.0
1.0	1.0	1.0	1.0	1.0	1.0	1.0	1.0	1.0	1.0	1.0	1.0	1.0	1.0	1.0	1.0	389.0	892.0
1.0	1.0	1.0	1.0	1.0	1.0	1.0	1.0	1.0	1.0	-1.0	1.0	1.0	1.0	1.0	1.0	3.0	895.0
1.0	1.0	1.0	1.0	1.0	1.0	1.0	-1.0	1.0	1.0	1.0	1.0	1.0	1.0	1.0	1.0	9.0	904.0
1.0	1.0	1.0	1.0	1.0	1.0	1.0	1.0	1.0	1.0	1.0	1.0	-1.0	1.0	1.0	1.0	6.0	910.0
1.0	1.0	1.0	1.0	1.0	1.0	-1.0	1.0	1.0	1.0	1.0	1.0	1.0	1.0	1.0	1.0	12.0	922.0
1.0	1.0	1.0	1.0	1.0	1.0	1.0	1.0	-1.0	1.0	1.0	1.0	1.0	1.0	1.0	1.0	6.0	928.0
1.0	1.0	1.0	1.0	-1.0	1.0	1.0	1.0	1.0	1.0	1.0	1.0	1.0	1.0	1.0	1.0	3.0	931.0
1.0	1.0	1.0	1.0	1.0	1.0	1.0	1.0	1.0	1.0	1.0	1.0	1.0	-1.0	1.0	1.0	7.0	938.0
1.0	1.0	1.0	1.0	1.0	1.0	1.0	1.0	1.0	1.0	1.0	1.0	1.0	1.0	1.0	-1.0	10.0	948.0
1.0	1.0	1.0	-1.0	1.0	1.0	1.0	1.0	1.0	1.0	1.0	1.0	1.0	1.0	1.0	1.0	4.0	952.0
-1.0	1.0	1.0	1.0	1.0	1.0	1.0	1.0	1.0	1.0	1.0	1.0	1.0	1.0	1.0	1.0	4.0	956.0
1.0	-1.0	1.0	1.0	1.0	1.0	1.0	1.0	1.0	1.0	1.0	1.0	1.0	1.0	1.0	1.0	4.0	960.0
1.0	1.0	1.0	1.0	1.0	1.0	1.0	1.0	1.0	-1.0	1.0	1.0	1.0	1.0	1.0	1.0	12.0	972.0
1.0	1.0	1.0	1.0	1.0	1.0	1.0	-1.0	1.0	1.0	1.0	1.0	1.0	1.0	-1.0	1.0	1.0	973.0
1.0	1.0	1.0	1.0	1.0	1.0	1.0	1.0	1.0	1.0	1.0	-1.0	1.0	1.0	1.0	1.0	6.0	979.0
1.0	1.0	1.0	1.0	1.0	-1.0	1.0	1.0	1.0	1.0	1.0	1.0	1.0	1.0	1.0	1.0	7.0	986.0
-1.0	1.0	1.0	-1.0	1.0	1.0	1.0	1.0	1.0	1.0	1.0	1.0	1.0	-1.0	1.0	1.0	1.0	987.0
1.0	1.0	1.0	1.0	1.0	1.0	-1.0	-1.0	1.0	1.0	1.0	1.0	1.0	1.0	1.0	1.0	1.0	988.0
1.0	1.0	1.0	1.0	1.0	1.0	1.0	1.0	1.0	1.0	1.0	1.0	1.0	1.0	-1.0	1.0	4.0	992.0
1.0	1.0	1.0	1.0	-1.0	1.0	1.0	-1.0	1.0	1.0	1.0	1.0	1.0	1.0	1.0	1.0	1.0	993.0
1.0	1.0	-1.0	1.0	1.0	1.0	1.0	1.0	1.0	1.0	1.0	1.0	1.0	-1.0	1.0	1.0	1.0	994.0
1.0	1.0	-1.0	1.0	1.0	1.0	1.0	1.0	-1.0	1.0	1.0	1.0	1.0	1.0	1.0	1.0	1.0	995.0
-1.0	-1.0	1.0	1.0	1.0	1.0	1.0	1.0	1.0	1.0	1.0	1.0	1.0	1.0	1.0	1.0	1.0	996.0
1.0	1.0	1.0	-1.0	1.0	1.0	1.0	1.0	1.0	1.0	-1.0	1.0	1.0	1.0	-1.0	1.0	1.0	997.0
1.0	-1.0	1.0	1.0	1.0	1.0	1.0	1.0	1.0	1.0	1.0	1.0	1.0	1.0	1.0	-1.0	1.0	998.0
1.0	1.0	1.0	1.0	1.0	1.0	1.0	1.0	1.0	1.0	-1.0	-1.0	1.0	1.0	1.0	1.0	1.0	999.0
