
1.0	1.0	1.0	1.0	1.0	1.0	1.0	1.0	1.0	1.0	1.0	1.0	1.0	1.0	1.0	1.0	438.0	438.0
-1.0	1.0	1.0	1.0	1.0	1.0	1.0	1.0	1.0	1.0	1.0	1.0	1.0	1.0	1.0	1.0	2.0	440.0
1.0	1.0	1.0	1.0	1.0	1.0	1.0	1.0	-1.0	1.0	1.0	1.0	1.0	1.0	1.0	1.0	5.0	445.0
1.0	1.0	1.0	1.0	1.0	1.0	1.0	1.0	1.0	1.0	1.0	1.0	1.0	1.0	1.0	-1.0	4.0	449.0
1.0	1.0	1.0	1.0	-1.0	1.0	1.0	1.0	1.0	1.0	1.0	1.0	1.0	1.0	1.0	1.0	4.0	453.0
1.0	1.0	1.0	1.0	1.0	1.0	1.0	1.0	1.0	1.0	1.0	1.0	1.0	1.0	-1.0	1.0	5.0	458.0
1.0	1.0	1.0	1.0	1.0	1.0	-1.0	1.0	1.0	1.0	1.0	1.0	1.0	1.0	1.0	1.0	5.0	463.0
1.0	1.0	1.0	-1.0	1.0	1.0	1.0	1.0	1.0	1.0	1.0	1.0	1.0	1.0	1.0	1.0	6.0	469.0
1.0	1.0	1.0	1.0	1.0	-1.0	1.0	1.0	1.0	1.0	1.0	1.0	1.0	1.0	1.0	1.0	4.0	473.0
1.0	-1.0	1.0	1.0	1.0	1.0	1.0	1.0	1.0	1.0	1.0	1.0	1.0	1.0	1.0	1.0	5.0	478.0
-1.0	1.0	1.0	1.0	1.0	1.0	1.0	1.0	1.0	1.0	1.0	1.0	-1.0	1.0	1.0	1.0	1.0	479.0
1.0	1.0	-1.0	1.0	1.0	1.0	1.0	1.0	1.0	1.0	1.0	1.0	1.0	1.0	1.0	1.0	2.0	481.0
1.0	1.0	-1.0	1.0	1.0	1.0	1.0	1.0	1.0	-1.0	1.0	1.0	1.0	1.0	1.0	1.0	1.0	482.0
1.0	1.0	1.0	1.0	1.0	1.0	1.0	1.0	1.0	1.0	1.0	-1.0	1.0	1.0	1.0	1.0	2.0	484.0
1.0	1.0	1.0	1.0	1.0	1.0	1.0	1.0	1.0	1.0	-1.0	1.0	1.0	1.0	1.0	1.0	3.0	487.0
1.0	1.0	1.0	1.0	1.0	1.0	1.0	1.0	1.0	-1.0	1.0	1.0	1.0	1.0	-1.0	1.0	1.0	488.0
1.0	1.0	1.0	1.0	1.0	1.0	1.0	-1.0	1.0	1.0	1.0	1.0	1.0	1.0	1.0	1.0	2.0	490.0
-1.0	1.0	1.0	1.0	-1.0	1.0	1.0	1.0	1.0	1.0	1.0	1.0	1.0	1.0	1.0	1.0	1.0	491.0
1.0	1.0	1.0	1.0	1.0	1.0	1.0	1.0	1.0	-1.0	1.0	1.0	1.0	1.0	1.0	1.0	3.0	494.0
1.0	-1.0	1.0	-1.0	1.0	1.0	1.0	1.0	1.0	1.0	1.0	1.0	1.0	1.0	1.0	1.0	1.0	495.0
1.0	1.0	1.0	1.0	1.0	1.0	1.0	1.0	1.0	1.0	1.0	1.0	1.0	-1.0	1.0	1.0	2.0	497.0
1.0	1.0	1.0	1.0	1.0	1.0	1.0	1.0	1.0	1.0	1.0	1.0	-1.0	1.0	1.0	1.0	2.0	499.0
-1.0	-1.0	-1.0	-1.0	-1.0	-1.0	-1.0	-1.0	-1.0	-1.0	-1.0	-1.0	-1.0	-1.0	-1.0	-1.0	449.0	948.0
-1.0	-1.0	-1.0	-1.0	-1.0	-1.0	1.0	-1.0	-1.0	-1.0	1.0	-1.0	-1.0	-1.0	-1.0	-1.0	1.0	949.0
-1.0	-1.0	-1.0	-1.0	-1.0	-1.0	-1.0	1.0	-1.0	-1.0	-1.0	-1.0	-1.0	-1.0	-1.0	-1.0	7.0	956.0
-1.0	-1.0	1.0	-1.0	-1.0	-1.0	-1.0	-1.0	-1.0	-1.0	-1.0	-1.0	-1.0	-1.0	-1.0	-1.0	7.0	963.0
-1.0	-1.0	-1.0	-1.0	-1.0	-1.0	-1.0	-1.0	-1.0	-1.0	-1.0	-1.0	-1.0	-1.0	1.0	-1.0	1.0	964.0
1.0	-1.0	-1.0	-1.0	-1.0	-1.0	-1.0	-1.0	-1.0	-1.0	-1.0	-1.0	-1.0	-1.0	-1.0	-1.0	3.0	967.0
-1.0	-1.0	-1.0	-1.0	-1.0	-1.0	-1.0	-1.0	-1.0	-1.0	-1.0	-1.0	-1.0	1.0	-1.0	-1.0	5.0	972.0
-1.0	-1.0	-1.0	-1.0	1.0	-1.0	-1.0	-1.0	-1.0	-1.0	-1.0	-1.0	-1.0	-1.0	-1.0	-1.0	2.0	974.0
-1.0	-1.0	-1.0	-1.0	-1.0	-1.0	-1.0	-1.0	-1.0	-1.0	-1.0	-1.0	1.0	-1.0	-1.0	-1.0	4.0	978.0
-1.0	-1.0	-1.0	-1.0	-1.0	-1.0	-1.0	-1.0	1.0	-1.0	-1.0	-1.0	1.0	-1.0	-1.0	-1.0	1.0	979.0
-1.0	-1.0	-1.0	-1.0	-1.0	-1.0	-1.0	-1.0	-1.0	-1.0	1.0	-1.0	-1.0	-1.0	-1.0	-1.0	2.0	981.0
-1.0	-1.0	-1.0	-1.0	-1.0	-1.0	-1.0	-1.0	-1.0	1.0	-1.0	-1.0	-1.0	-1.0	-1.0	-1.0	1.0	982.0
-1.0	-1.0	-1.0	-1.0	-1.0	-1.0	-1.0	-1.0	-1.0	-1.0	-1.0	1.0	-1.0	-1.0	-1.0	-1.0	2.0	984.0
-1.0	1.0	-1.0	-1.0	-1.0	1.0	-1.0	-1.0	-1.0	-1.0	-1.0	-1.0	-1.0	-1.0	-1.0	-1.0	1.0	985.0
-1.0	1.0	-1.0	-1.0	-1.0	-1.0	-1.0	-1.0	-1.0	-1.0	-1.0	-1.0	-1.0	-1.0	-1.0	-1.0	1.0	986.0
-1.0	-1.0	-1.0	-1.0	-1.0	-1.0	-1.0	-1.0	-1.0	-1.0	-1.0	-1.0	-1.0	-1.0	-1.0	1.0	2.0	988.0
-1.0	-1.0	-1.0	1.0	-1.0	-1.0	-1.0	-1.0	-1.0	-1.0	-1.0	-1.0	-1.0	-1.0	-1.0	-1.0	3.0	991.0
-1.0	-1.0	-1.0	-1.0	-1.0	-1.0	-1.0	-1.0	1.0	-1.0	-1.0	-1.0	-1.0	-1.0	-1.0	-1.0	3.0	994.0
-1.0	-1.0	-1.0	-1.0	-1.0	-1.0	1.0	-1.0	-1.0	-1.0	-1.0	-1.0	-1.0	-1.0	-1.0	-1.0	1.0	995.0
-1.0	-1.0	-1.0	-1.0	-1.0	1.0	-1.0	-1.0	-1.0	-1.0	-1.0	-1.0	-1.0	-1.0	-1.0	-1.0	2.0	997.0
1.0	1.0	-1.0	-1.0	-1.0	-1.0	-1.0	-1.0	-1.0	-1.0	-1.0	-1.0	1.0	-1.0	-1.0	-1.0	1.0	998.0
-1.0	-1.0	-1.0	-1.0	-1.0	-1.0	-1.0	-1.0	1.0	-1.0	-1.0	-1.0	-1.0	-1.0	-1.0	1.0	1.0	999.0
