dD	 D	 
1.3742790975902397	4.7483598185056195
14.615551079846194	30.51066526407779
42.82969799249522	98.27905153917726
80.88328950696815	201.848738674245
116.69448034214774	313.9495228005204
142.75630919719103	410.0596948170548
157.1298394365554	473.1746559838963
162.13707104621488	510.4984013419595
161.16073422785018	530.7124962109087
155.65738133568374	539.9443536409493
147.61832644220192	545.6352912977314
138.05468856889175	550.1494479938856
127.26239070380146	554.4070616170951
115.81285638802653	558.8952361921707
104.7216182409456	563.3745835231459
94.12533048972813	567.8571694554641
84.88484373273386	572.0740299205804
77.38536493409337	575.875774106627
71.53982118981841	579.2872566647665
67.40009890276144	582.1865299205804
64.61191752916284	584.6363845717432
62.85856640375308	586.6702508508131
61.90110408839685	588.2064427112781
61.372334642322166	589.4403089903478
61.100762163109316	590.4631287577897
60.983702927630375	591.4590589903479
61.037583752164274	592.6638555019758
61.409866956192154	594.184204339185
62.31446877859432	596.0385648043014
64.02666753897272	598.2664717810455
66.88718724512938	600.9215589903479
71.0163625606512	603.8923438740687
76.61974125015885	607.2228671298828
83.55110516751157	610.7985568243652
91.33257257569156	614.4307749279619
99.5419579820089	618.0170917730718
107.4837072919668	621.4754068635435
114.36605241949388	624.8932269543888
119.72102447431182	628.9850895667678
122.29155519015725	636.5618913244352
121.27111724140676	649.6199502149375
114.1747217122644	675.1533684037306
102.47589899212191	720.149279100406
84.16902284242651	788.4169650739889
60.40909784593238	872.0954553382513
34.237564292953195	948.0425657038529
11.327901174853194	999.4103476891426
1.602291842427518	1019.8522412546201
