dD	 D	 
0.0035650236127092024	1.0068032667243565
0.05892000072525619	1.1288277149490002
0.2751203472613237	1.629918847852275
0.7663495565406108	2.944758381401812
1.5632441588997998	5.727025002602371
2.734407938965936	10.789649813673822
4.317304712924374	18.889218806045132
6.271059179298733	30.510122761182032
8.569692630164292	45.99722423468935
10.989027648960041	65.34767508442897
13.653237370766927	88.31970313822669
16.44087629758196	114.24476004238068
19.439044222835523	142.72566437632605
22.22248519819041	173.01422372197757
24.63766210404212	204.9780065571772
26.709887609943777	237.65894208513032
28.143923055519412	271.02868738979333
29.100377470335438	304.8962600229008
29.34195060316104	338.92441954783743
29.13088760708648	373.23472583712385
27.997984824520085	407.6051995508878
26.114330428068364	442.0473184710004
23.429002989159933	476.5747883224111
20.384459608010236	511.04266713454933
17.39559587220169	545.2638814839677
15.081787377913074	579.2798242376922
13.795687674402235	613.1308321842888
13.5170858572979	646.6510431834853
14.187674837291322	679.7296288321835
14.815904672452083	712.5757730953572
15.593602741238543	745.0869343436007
15.96247347988672	777.2174246787251
15.960747982973738	808.7170973113193
15.408474147284519	839.1839999500835
14.514733406263108	868.782404704915
13.215790621877217	896.7129396691004
11.72350586877923	922.722207124338
10.10991488424958	946.1527245688746
8.390072803118018	966.5671817579878
6.515724773042652	983.8498655607797
4.752848609987609	997.5380425835735
3.2642267477961386	1007.7188756408337
2.047544490962952	1014.7608371570702
1.1836075253669651	1019.0973007650744
0.6081739344786598	1021.440087996996
0.21404432083913005	1022.5254814476551
0.04811021253328324	1022.9045331783475
0.0032975179722465543	1022.991040382901
