dD	 D	 
0.3	3.1
7.628892449104261	86.0
16.6	256.8
17.94324385388551	399.8
14.166509803053115	476.1
11.66233252827238	507.3
10.587256490706173	518.1
10.156771140475698	521.2
10.198529305738155	521.7
10.380751417888783	522.2
10.380751417888783	522.2
10.380751417888783	522.2
10.380751417888783	522.2
10.380751417888783	522.2
10.380751417888783	522.2
10.380751417888783	522.2
10.380751417888783	522.2
10.380751417888783	522.2
10.380751417888783	522.2
10.380751417888783	522.2
10.380751417888783	522.2
10.380751417888783	522.2
10.380751417888783	522.2
10.380751417888783	522.2
10.380751417888783	522.2
10.380751417888783	522.2
10.380751417888783	522.2
10.380751417888783	522.2
10.380751417888783	522.2
10.380751417888783	522.2
10.380751417888783	522.2
10.380751417888783	522.2
10.380751417888783	522.2
10.380751417888783	522.2
10.380751417888783	522.2
10.380751417888783	522.2
10.380751417888783	522.2
10.507616285342742	522.3
10.507616285342742	522.3
10.518555033843766	522.6
10.621205204683694	523.3
10.686907878334125	526.3
11.679469166019489	536.3
13.978555004005242	566.0
17.310112651279887	638.4
15.78100123566309	774.6
6.988562083862459	938.4
0.48989794855663565	1019.6
