dD	 D	 
0.0	1.0
0.0	1.0
0.0	1.0
0.0	1.0
0.0	1.0
0.0	1.0
0.0	1.0
0.0	1.0
0.0	1.0
0.0	1.0
0.0	1.0
0.0	1.0
0.0	1.0
0.0	1.0
0.0	1.0
0.00024485100080988116	1.0005999400059995
0.0003997799994881204	1.0011998800119988
0.0005094586614976372	1.001999800019998
0.00072013915621925	1.0035996400359963
0.0011974714091149477	1.0075992400759923
0.0019121106244669194	1.0151984801519849
0.003017577173034547	1.0303969603039695
0.005039529361082695	1.0563943605639436
0.007870931499675842	1.0987901209879012
0.012675158984543928	1.1745825417458253
0.019022982126594295	1.305169483051695
0.02810449479202707	1.5043495650434957
0.04039192452437871	1.8067193280671934
0.05671638337421934	2.261873812618738
0.07885197710379113	2.948805119488051
0.10688816144699538	3.878112188781122
0.1432962349563984	5.204979502049795
0.18931864163968648	7.020797920207979
0.24645238362523006	9.43095690430957
0.315347694252066	12.576442355764424
0.39803081488511194	16.65183481651835
0.4952315924727238	21.770522947705228
0.6101383143097868	28.262473752624736
0.7414188071448676	36.305869413058694
0.8920322218138388	46.075692430756924
1.0611684197044444	57.86931306869313
1.2464310617379668	71.82551744825517
1.4508099376499515	88.26987301269872
1.6774807315136464	107.84871512848716
1.9183125119460038	130.2086791320868
2.1768577198779435	156.026097390261
2.4499902625705317	185.2891710828917
2.737852214267109	218.3218678132187
3.0378390247899305	255.4153584641536
3.345921146483523	296.62783721627835
3.6633304392583432	342.33866613338665
3.987099295350692	392.58604139586043
4.313439075028475	447.5105489451055
4.643182169542818	507.3285671432857
4.971429767363944	572.076692330767
5.29568271034809	641.7093290670933
5.618609144313066	716.3484651534847
5.932359434498901	795.8951104889511
6.238143152233673	880.2650734926507
6.533701521323018	969.6885311468853
6.818411696440361	1063.4615538446155
7.0878848886891355	1161.8079192080793
7.3434936958140655	1264.2868713128687
7.580904714001899	1370.4398560143986
7.800671581290492	1480.3614638536146
8.000860042087803	1593.7139286071392
8.178860860428419	1709.916708329167
8.337743922564892	1828.5366463353664
8.471650945248435	1949.3207679232078
8.582203181101896	2071.783921607839
8.668349908285913	2195.937706229377
8.726574703922825	2320.684831516848
8.758940142741876	2445.5839416058393
8.764392327463844	2570.967203279672
8.743271198350731	2695.8189181081893
8.693511853970376	2819.7687231276873
8.616338132137056	2942.3760623937605
8.509085474788249	3063.04599540046
8.374774856459684	3181.6809319068093
8.210809394573513	3297.962103789621
8.01929585879591	3411.2839716028398
7.803309917862002	3521.853114688531
7.557777445370879	3629.119788021198
7.285316586596474	3733.023397660234
6.986630864462212	3833.7595240475953
6.6634364741538965	3930.6948305169485
6.3174652491157355	4024.020897910209
5.949564326182021	4113.843115688431
5.560169805344362	4200.164883511648
5.15025480255379	4282.905209479052
4.721787413687257	4362.388461153884
4.275209536066045	4438.811418858114
3.8126215487027926	4512.39106089391
3.3372529153243544	4582.987201279872
2.8481789717740016	4651.468153184682
2.348619292635055	4717.9375062493755
1.8420100894587064	4782.534446555344
1.3283334416066308	4845.885711428857
0.8162449784177666	4908.255474452555
0.34042905359115166	4969.899510048995
0.34417612067595915	5031.491150884912
0.8219508572729252	5093.307569243076
1.336190951922676	5155.885511448855
1.8509146163253856	5219.385361463854
2.3592453518975383	5283.921507849215
2.8594276183129246	5350.374662533746
3.3463718358926364	5418.67903209679
3.8228930362663864	5489.516548345166
4.284249498972603	5562.87801219878
4.727974683266147	5639.004399560044
5.155254631488272	5718.231476852315
5.5661402151172235	5801.052194780522
5.95475261322876	5887.103189681032
6.324528823179122	5976.850614938506
6.669646479790393	6070.160083991601
6.990656137898318	6166.965603439656
7.29022357803797	6267.5633436656335
7.561457689025886	6371.655534446555
7.806228952953594	6479.123387661234
8.025697654853115	6589.395760423958
8.217052215778175	6702.864413558644
8.38133761485927	6819.293570642935
8.517156581295408	6938.032096790321
8.623725286170071	7058.986801319868
8.702522688337384	7181.493750624937
8.752190526301952	7305.609539046095
8.773620760871975	7430.634636536346
8.767605566042384	7555.761723827617
8.73404518468006	7681.05099490051
8.675122596644277	7805.930706929307
8.589654758704278	7929.751724827517
8.477876342994298	8052.272872712729
8.344976617076494	8173.2171782821715
8.186488129203171	8291.945905409459
8.007377978816919	8408.018098190181
7.806253911735686	8521.451154884511
7.585117215522935	8631.481751824818
7.34766966306456	8737.601739826017
7.0927849631142665	8839.93410658934
6.823106161551246	8937.97610238976
6.538073470942925	9031.671532846716
6.242295381953245	9120.936406359364
5.935118990409759	9205.648735126488
5.619104017772564	9285.519548045195
5.298083056129313	9360.020697930207
4.972371250938917	9429.726327367263
4.642592207106298	9494.631636836317
4.313783911126272	9554.394260573943
3.986008149343688	9609.336766323368
3.661765811250604	9659.643735626438
3.343872456755224	9705.456754324567
3.0349625466896484	9746.788621137886
2.7358342160587004	9783.799520047995
2.448324241267105	9816.84601539846
2.172466497580119	9846.192280771922
1.9139579753557427	9871.823517648236
1.6729223306871643	9894.212678732127
1.449224110467969	9913.571342865713
1.2436460019287476	9930.167483251675
1.0565774741477987	9944.219278072193
0.8891511240228582	9955.98490150985
0.7393731877367807	9965.731326867313
0.6066104194225981	9973.791920807918
0.49292942259889033	9980.280271972802
0.3965628319926931	9985.393760623938
0.3151471552585055	9989.431556844316
0.24716884991247495	9992.56804319568
0.1904906138505883	9994.956604339566
0.14454277354190265	9996.769623037697
0.10854560049264043	9998.073892610739
0.07963250579355075	9999.023597640236
0.05763041357640985	9999.699330066993
0.04142502061336203	10000.15408459154
0.0292480945879301	10000.471652834716
0.020280165387111537	10000.673632636735
0.013468865410897516	10000.804219578042
0.009570670088044847	10000.87901209879
0.006035218285142882	10000.93300669933
0.0037791180256269113	10000.963203679632
0.002440399384646004	10000.979202079792
0.0013828312536056718	10000.991400859913
0.0008591208013377501	10000.995800419958
0.0003461676570549039	10000.998800119987
0.00014139307550117171	10000.999800019998
0.00014139307550117171	10000.999800019998
0.00014139307550117171	10000.999800019998
0.0	10001.0
0.0	10001.0
0.0	10001.0
0.0	10001.0
0.0	10001.0
0.0	10001.0
0.0	10001.0
0.0	10001.0
0.0	10001.0
0.0	10001.0
0.0	10001.0
0.0	10001.0
0.0	10001.0
0.0	10001.0
