dD	 D	 
0.0	1.0
0.0	1.0
0.0	1.0
0.0	1.0
0.0	1.0
0.0	1.0
0.0	1.0
0.0	1.0
0.0	1.0
0.0	1.0
0.0	1.0
0.0	1.0
0.0	1.0
0.0	1.0
0.0	1.0
0.0	1.0
0.00019990003798660456	1.0003998800359892
0.00028264479325970345	1.0007997600719785
0.00046855560054424313	1.0017994601619513
0.0007057631147080812	1.003998800359892
0.0010166638952821335	1.007597720683795
0.0015490389867463367	1.0137958612416276
0.0024859883762418707	1.027591722483255
0.0038738711591579608	1.0513845846246126
0.005966252411440558	1.0917724682595222
0.009130250388965413	1.1645506348095571
0.013506958821063193	1.2823153054083776
0.01955469103305427	1.463660901729481
0.029071911896613404	1.765370388883335
0.041838606253676636	2.226032190342897
0.05888037612838449	2.8904328701389583
0.08169287842992273	3.886933919824053
0.1113272083579073	5.2759172248325505
0.1511041471358908	7.282715185444367
0.2031621768675755	10.070078976307109
0.2669933938805593	13.807157852644206
0.3479511655987806	18.81365590322903
0.44479906422720644	25.314705588323502
0.5633335698221437	33.79696091172648
0.7054694384573297	44.64970508847346
0.8729879176428352	58.29681095671299
1.0690461286952464	75.2667199840048
1.293331456101776	95.99810056982905
1.5497827713229677	121.1705488353494
1.836961809147296	151.18734379686094
2.1574066808118473	186.9888033589923
2.507508513053503	228.60671798460461
2.8872733411506553	276.60871738478454
3.293085523450857	331.59482155353396
3.7222923114163433	393.58322503249025
4.1711818979095785	463.0305908227532
4.635255208715204	540.1688493451965
5.109881584874591	624.77766669999
5.588474647252046	717.3958812356293
6.0683000307452915	817.7519744076777
6.54342780330232	925.6845946216135
7.004629681663817	1040.1724482655204
7.446526864167623	1161.2755173447965
7.8664464372231	1288.624912526242
8.256462051092326	1421.4284714585624
8.611577041844129	1558.8824352694191
8.92944616007654	1700.2010396880935
9.205198193971215	1844.8020593821852
9.436056653369262	1991.4588623412976
9.620965648920397	2139.778366490053
9.759003510395818	2288.9468159552134
9.848624591245018	2437.604618614416
9.890562285351445	2585.1241627511745
9.883666660742655	2731.263920823753
9.83115245039944	2875.105968209537
9.734128700690452	3015.4854543636907
9.595240763706963	3152.2502249325203
9.417079805299853	3285.2035389383186
9.202795864225319	3413.2503249025294
8.955075990535086	3536.1662501249625
8.680232032599951	3653.883734879536
8.379119660704237	3766.0186943916824
8.055037084060325	3872.230430870739
7.7139835626932705	3972.4967509747075
7.360073186737466	4066.7338798360493
6.993207988412802	4155.178146556033
6.6180559851051495	4237.46765970209
6.2360278184204345	4314.319204238728
5.851425577266188	4385.346695991203
5.465516306961811	4451.066979906028
5.08233893499949	4511.517644706588
4.6995578972882885	4567.157952614216
4.321331304845076	4618.220433869839
3.9474588409317275	4664.986604018794
3.580289011017545	4707.772168349496
3.2178967519851476	4746.766669999
2.861942967725536	4782.6081175647305
2.5120253498294933	4815.363690892732
2.166873210380497	4845.456263121064
1.8236479857689023	4873.468859342197
1.485933560663713	4899.484854543637
1.1524972174318306	4923.91032690193
0.8236284113697482	4947.002599220234
0.49900093371865395	4969.2117364790565
0.18864351371032975	4990.848045586324
0.18935371260315784	5012.357792662201
0.5003639296902025	5034.129861041688
0.8248522056318296	5056.33399980006
1.1540936425984087	5079.409877036889
1.4858946663745665	5103.656802959113
1.8221650382885746	5129.590022993102
2.1623522761578373	5157.357892632211
2.5064979900514515	5187.419474157753
2.8586166000871307	5220.198840347895
3.2154633426413897	5255.934519644106
3.5778899197331966	5295.030390882735
3.9431095566412546	5337.662601219634
4.315806487908836	5384.318404478657
4.695928092924135	5435.4466660002
5.078373093987909	5491.06877936619
5.461985409327922	5551.534639608118
5.848788131290022	5617.473457962611
6.23383786515244	5688.86244126762
6.61497695593094	5765.339098270519
6.990638117748537	5847.734979506148
7.3589318632450755	5936.292212336299
7.715559757571351	6030.485954213736
8.057627857391319	6130.748075577327
8.38072450441857	6237.139758072578
8.682141693807857	6349.018394481655
8.957797191549036	6466.722283315005
9.203551532189758	6589.764570628811
9.419641297477261	6717.836748975307
9.599833710611428	6850.659902029392
9.738256560206622	6987.7377786664
9.835221666752789	7128.321803458963
9.887435947809696	7272.381985404379
9.893788604778775	7418.738078576427
9.852797398577664	7566.602119364191
9.762304257098714	7715.322503249025
9.625165923656867	7864.312406278116
9.439349255864336	8012.735879236229
9.20716617489447	8159.708787363791
8.931096064211841	8304.108467459762
8.61303775888098	8445.467859642107
8.255858593982937	8582.996601019695
7.869172348741096	8715.28611416575
7.450453372432511	8842.55133459962
7.008315549735344	8963.580625812256
6.546653689311944	9078.258422473258
6.073061524272231	9185.811156653004
5.5945629228609635	9286.036688993301
5.112550700222248	9378.865840247925
4.637821205687302	9463.734579626112
4.172590215045569	9541.00699790063
3.7224169463160814	9610.72768169549
3.2933530786054077	9672.57912626212
2.8877356904858607	9727.388283514945
2.5085254591982125	9775.435069479156
2.1580956589707867	9817.003798860342
1.83925447493653	9852.492752174348
1.55212929580068	9882.534139758072
1.296504656336234	9907.686993901829
1.0704473844962357	9928.639508147557
0.8738688570165516	9945.643207037889
0.7052319353794879	9959.300309907028
0.5620726098545269	9970.243426971909
0.44280095507558087	9978.720883734879
0.34361969693280076	9985.323502949115
0.26365315002186646	9990.334799560133
0.2004533034143815	9994.04588623413
0.15058458941814243	9996.766070178946
0.11117092792204919	9998.751274617614
0.08112076570336738	10000.160051984405
0.05847964280655817	10001.11656503049
0.041694619525860246	10001.774967509748
0.029204821352936065	10002.219434169749
0.01999777128188671	10002.519144256723
0.013558988782259933	10002.704688593421
0.008967865182883852	10002.830050984705
0.005885114742275863	10002.907027891633
0.004038834563225328	10002.945416375087
0.0025534162015960083	10002.972408277517
0.0015863771264436255	10002.985204438668
0.0009459600425002761	10002.993202039388
0.000733643949448458	10002.996201139658
0.0004892570899975394	10002.997800659801
0.0002448020599874359	10002.999400179946
0.0	10003.0
0.0	10003.0
0.0	10003.0
0.0	10003.0
0.0	10003.0
0.0	10003.0
0.0	10003.0
0.0	10003.0
0.0	10003.0
0.0	10003.0
0.0	10003.0
0.0	10003.0
0.0	10003.0
0.0	10003.0
0.0	10003.0
0.0	10003.0
0.0	10003.0
