dD	 D	 
0.0	1.0
0.0	1.0
0.0	1.0
0.0	1.0
0.0	1.0
0.0	1.0
0.0	1.0
0.0	1.0
0.0	1.0
0.0	1.0
0.0	1.0
0.0	1.0
0.0	1.0
0.0	1.0
0.0	1.0
0.0	1.0
0.0	1.0
0.0	1.0
0.0	1.0
0.0	1.0
0.0	1.0
0.0	1.0
0.0	1.0
0.0	1.0
0.0	1.0
0.0	1.0
0.0	1.0
0.0	1.0
0.0	1.0
0.0	1.0
0.0	1.0
0.0	1.0
0.0	1.0
0.0	1.0
0.0	1.0
0.0	1.0
0.0	1.0
0.0	1.0
0.0	1.0
0.0	1.0
0.0	1.0
0.0	1.0
0.0	1.0
0.0	1.0
0.0	1.0
0.0	1.0
0.0	1.0
0.0	1.0
0.0014156270581757828	1.002004008016032
0.0024470094657750084	1.006012024048096
0.002822713360493081	1.0080160320641283
0.004665009421616023	1.0180360721442885
0.0065685889469019165	1.032064128256513
0.01414802456872783	1.0681362725450902
0.01876562466446149	1.1062124248496994
0.02622576014124857	1.1703406813627255
0.043956591323704816	1.312625250501002
0.05864258243743627	1.5170340681362726
0.0825912226523194	1.8517034068136273
0.11077564853835342	2.2965931863727453
0.14641796417881434	2.961923847695391
0.19889919791538693	3.9278557114228456
0.2655111213176633	5.394789579158316
0.35627048406856004	7.507014028056112
0.4593431029769015	10.308617234468938
0.5937049082686453	14.158316633266534
0.7536924610686635	19.16633266533066
0.9436400270492671	25.84569138276553
1.1557999260336869	34.24248496993988
1.385114344497	44.35070140280561
1.6310436727492523	56.28857715430862
1.8913341417884082	70.70741482965931
2.164064902156839	87.4188376753507
2.420491211254513	106.39278557114228
2.651999794208289	126.94188376753507
2.8617435994817053	149.66933867735472
3.042266910234259	173.9759519038076
3.169298211570655	199.66132264529057
3.2561506218000362	226.02805611222445
3.2791922768775468	252.875751503006
3.251991493726746	279.71543086172346
3.1735553140158697	306.01402805611224
3.0525559593033242	331.09619238476955
2.884105900066642	354.35270541082167
2.68688777526437	376.5130260521042
2.4694909999737202	396.20841683366734
2.220784456552828	414.14228456913827
1.9728076009790405	429.9078156312625
1.7249397793111303	443.49498997995994
1.4839945368677112	454.9338677354709
1.2582374064359105	464.47895791583164
1.0468803427221818	472.5671342685371
0.8537121096335762	478.99599198396794
0.6801556133054102	484.1923847695391
0.5341504570310538	488.188376753507
0.41530534164430927	491.2585170340681
0.3210410380387396	493.50300601202406
0.2464910514045832	495.1643286573146
0.1852678315330709	496.35671342685373
0.1410477230824871	497.1763527054108
0.10400337735434494	497.7935871743487
0.07521868955651449	498.2384769539078
0.05742867547096416	498.5250501002004
0.047531085958754986	498.6933867735471
0.03946811003761112	498.80360721442884
0.03493496925430867	498.8977955911824
0.033336143509610984	498.9438877755511
0.03196243628077809	498.97795591182364
0.031964954197615206	498.9819639278557
0.03171756547654736	498.99599198396794
0.031622713102323646	499.0
0.031622713102323646	499.0
0.031622713102323646	499.0
0.031654383328691006	499.00200400801606
0.031654383328691006	499.00200400801606
0.031654383328691006	499.00200400801606
0.031654383328691006	499.00200400801606
0.031654383328691006	499.00200400801606
0.031654383328691006	499.00200400801606
0.031654383328691006	499.00200400801606
0.031654383328691006	499.00200400801606
0.031654383328691006	499.00200400801606
0.031654383328691006	499.00200400801606
0.031654383328691006	499.00200400801606
0.031654383328691006	499.00200400801606
0.031654383328691006	499.00200400801606
0.031654383328691006	499.00200400801606
0.031654383328691006	499.00200400801606
0.031654383328691006	499.00200400801606
0.031654383328691006	499.00200400801606
0.031654383328691006	499.00200400801606
0.031654383328691006	499.00200400801606
0.031654383328691006	499.00200400801606
0.031654383328691006	499.00200400801606
0.031654383328691006	499.00200400801606
0.031654383328691006	499.00200400801606
0.031654383328691006	499.00200400801606
0.031654383328691006	499.00200400801606
0.031654383328691006	499.00200400801606
0.031654383328691006	499.00200400801606
0.031654383328691006	499.00200400801606
0.031654383328691006	499.00200400801606
0.031654383328691006	499.00200400801606
0.031654383328691006	499.00200400801606
0.031654383328691006	499.00200400801606
0.031654383328691006	499.00200400801606
0.031654383328691006	499.00200400801606
0.031654383328691006	499.00200400801606
0.031654383328691006	499.00200400801606
0.031654383328691006	499.00200400801606
0.031654383328691006	499.00200400801606
0.031654383328691006	499.00200400801606
0.031654383328691006	499.00200400801606
0.031654383328691006	499.00200400801606
0.031654383328691006	499.00200400801606
0.031654383328691006	499.00200400801606
0.031654383328691006	499.00200400801606
0.031654383328691006	499.00200400801606
0.031654383328691006	499.00200400801606
0.031654383328691006	499.00200400801606
0.031654383328691006	499.00200400801606
0.031654383328691006	499.00200400801606
0.031654383328691006	499.00200400801606
0.031654383328691006	499.00200400801606
0.031654383328691006	499.00200400801606
0.031654383328691006	499.00200400801606
0.031654383328691006	499.00200400801606
0.031654383328691006	499.00200400801606
0.031654383328691006	499.00200400801606
0.031654383328691006	499.00200400801606
0.031654383328691006	499.00200400801606
0.031654383328691006	499.00200400801606
0.031654383328691006	499.00200400801606
0.031654383328691006	499.00200400801606
0.031654383328691006	499.00200400801606
0.031654383328691006	499.00200400801606
0.031654383328691006	499.00200400801606
0.031654383328691006	499.00200400801606
0.031654383328691006	499.00200400801606
0.031654383328691006	499.00200400801606
0.031654383328691006	499.00200400801606
0.031654383328691006	499.00200400801606
0.031654383328691006	499.00200400801606
0.031654383328691006	499.00200400801606
0.031654383328691006	499.00200400801606
0.031654383328691006	499.00200400801606
0.031654383328691006	499.00200400801606
0.031654383328691006	499.00200400801606
0.031654383328691006	499.00200400801606
0.031654383328691006	499.00200400801606
0.031654383328691006	499.00200400801606
0.031654383328691006	499.00200400801606
0.031654383328691006	499.00200400801606
0.031654383328691006	499.00200400801606
0.031654383328691006	499.00200400801606
0.031654383328691006	499.00200400801606
0.031654383328691006	499.00200400801606
0.031654383328691006	499.00200400801606
0.031654383328691006	499.00200400801606
0.031654383328691006	499.00200400801606
0.031654383328691006	499.00200400801606
0.031654383328691006	499.00200400801606
0.031654383328691006	499.00200400801606
0.031654383328691006	499.00200400801606
0.031654383328691006	499.00200400801606
0.031654383328691006	499.00200400801606
0.031654383328691006	499.00200400801606
0.031654383328691006	499.00200400801606
0.031654383328691006	499.00200400801606
0.031654383328691006	499.00200400801606
0.031654383328691006	499.00200400801606
0.031654383328691006	499.00200400801606
0.031654383328691006	499.00200400801606
0.031654383328691006	499.00200400801606
0.031654383328691006	499.00200400801606
0.031654383328691006	499.00200400801606
0.031654383328691006	499.00200400801606
0.031654383328691006	499.00200400801606
0.031654383328691006	499.00200400801606
0.031654383328691006	499.00200400801606
0.031654383328691006	499.00200400801606
0.031654383328691006	499.00200400801606
0.031654383328691006	499.00200400801606
0.031654383328691006	499.00200400801606
0.031654383328691006	499.00200400801606
0.031654383328691006	499.00200400801606
0.031654383328691006	499.00200400801606
0.031654383328691006	499.00200400801606
0.031654383328691006	499.00200400801606
0.031654383328691006	499.00200400801606
0.031654383328691006	499.00200400801606
0.031654383328691006	499.00200400801606
0.031654383328691006	499.00200400801606
0.031654383328691006	499.00200400801606
0.031654383328691006	499.00200400801606
0.031654383328691006	499.00200400801606
0.031654383328691006	499.00200400801606
0.031654383328691006	499.00200400801606
0.031654383328691006	499.00200400801606
0.031654383328691006	499.00200400801606
0.031654383328691006	499.00200400801606
0.031654383328691006	499.00200400801606
0.031654383328691006	499.00200400801606
0.031654383328691006	499.00200400801606
0.031654383328691006	499.00200400801606
0.031654383328691006	499.00200400801606
0.031654383328691006	499.00200400801606
0.031654383328691006	499.00200400801606
0.031654383328691006	499.00200400801606
0.031654383328691006	499.00200400801606
0.031654383328691006	499.00200400801606
0.031654383328691006	499.00200400801606
0.031654383328691006	499.00200400801606
0.031654383328691006	499.00200400801606
0.031654383328691006	499.00200400801606
0.031654383328691006	499.00200400801606
0.031654383328691006	499.00200400801606
0.031654383328691006	499.00200400801606
0.031654383328691006	499.00200400801606
0.031654383328691006	499.00200400801606
0.031654383328691006	499.00200400801606
0.031654383328691006	499.00200400801606
0.031654383328691006	499.00200400801606
0.031654383328691006	499.00200400801606
0.031654383328691006	499.00200400801606
0.031654383328691006	499.00200400801606
0.031654383328691006	499.00200400801606
0.031654383328691006	499.00200400801606
0.031654383328691006	499.00200400801606
0.031654383328691006	499.00200400801606
0.031654383328691006	499.00200400801606
0.031654383328691006	499.00200400801606
0.031654383328691006	499.00200400801606
0.031654383328691006	499.00200400801606
0.031654383328691006	499.00200400801606
0.031654383328691006	499.00200400801606
0.031654383328691006	499.00200400801606
0.031654383328691006	499.00200400801606
0.031654383328691006	499.00200400801606
0.031654383328691006	499.00200400801606
0.031654383328691006	499.00200400801606
0.031654383328691006	499.00200400801606
0.031654383328691006	499.00200400801606
0.031654383328691006	499.00200400801606
0.031654383328691006	499.00200400801606
0.031654383328691006	499.00200400801606
0.031654383328691006	499.00200400801606
0.031654383328691006	499.00200400801606
0.031654383328691006	499.00200400801606
0.031654383328691006	499.00200400801606
0.031654383328691006	499.00200400801606
0.031654383328691006	499.00200400801606
0.031654383328691006	499.00200400801606
0.031654383328691006	499.00200400801606
0.031654383328691006	499.00200400801606
0.031654383328691006	499.00200400801606
0.031654383328691006	499.00200400801606
0.031654383328691006	499.00200400801606
0.031654383328691006	499.00200400801606
0.031654383328691006	499.00200400801606
0.031654383328691006	499.00200400801606
0.031654383328691006	499.00200400801606
0.031654383328691006	499.00200400801606
0.031654383328691006	499.00200400801606
0.031654383328691006	499.00200400801606
0.031654383328691006	499.00200400801606
0.031654383328691006	499.00200400801606
0.031654383328691006	499.00200400801606
0.031654383328691006	499.00200400801606
0.031654383328691006	499.00200400801606
0.031654383328691006	499.00200400801606
0.031654383328691006	499.00200400801606
0.031654383328691006	499.00200400801606
0.031654383328691006	499.00200400801606
0.031654383328691006	499.00200400801606
0.031654383328691006	499.00200400801606
0.031654383328691006	499.00200400801606
0.031654383328691006	499.00200400801606
0.031654383328691006	499.00200400801606
0.031654383328691006	499.00200400801606
0.031654383328691006	499.00200400801606
0.031654383328691006	499.00200400801606
0.031654383328691006	499.00200400801606
0.031654383328691006	499.00200400801606
0.031654383328691006	499.00200400801606
0.031654383328691006	499.00200400801606
0.031654383328691006	499.00200400801606
0.031654383328691006	499.00200400801606
0.031654383328691006	499.00200400801606
0.031654383328691006	499.00200400801606
0.031654383328691006	499.00200400801606
0.031654383328691006	499.00200400801606
0.031654383328691006	499.00200400801606
0.031654383328691006	499.00200400801606
0.031654383328691006	499.00200400801606
0.031654383328691006	499.00200400801606
0.031654383328691006	499.00200400801606
0.031654383328691006	499.00200400801606
0.031654383328691006	499.00200400801606
0.031654383328691006	499.00200400801606
0.031654383328691006	499.00200400801606
0.031654383328691006	499.00200400801606
0.031654383328691006	499.00200400801606
0.031654383328691006	499.00200400801606
0.031654383328691006	499.00200400801606
0.031654383328691006	499.00200400801606
0.031654383328691006	499.00200400801606
0.031654383328691006	499.00200400801606
0.031654383328691006	499.00200400801606
0.031654383328691006	499.00200400801606
0.031654383328691006	499.00200400801606
0.031654383328691006	499.00200400801606
0.031654383328691006	499.00200400801606
0.031654383328691006	499.00200400801606
0.031654383328691006	499.00200400801606
0.031654383328691006	499.00200400801606
0.031654383328691006	499.00200400801606
0.031654383328691006	499.00200400801606
0.031654383328691006	499.00200400801606
0.031654383328691006	499.00200400801606
0.031654383328691006	499.00200400801606
0.031654383328691006	499.00200400801606
0.031654383328691006	499.00200400801606
0.031654383328691006	499.00200400801606
0.031654383328691006	499.00200400801606
0.031654383328691006	499.00200400801606
0.031654383328691006	499.00200400801606
0.031654383328691006	499.00200400801606
0.031654383328691006	499.00200400801606
0.031654383328691006	499.00200400801606
0.031654383328691006	499.00200400801606
0.031654383328691006	499.00200400801606
0.031654383328691006	499.00200400801606
0.031654383328691006	499.00200400801606
0.031654383328691006	499.00200400801606
0.031654383328691006	499.00200400801606
0.031654383328691006	499.00200400801606
0.031654383328691006	499.00200400801606
0.031654383328691006	499.00200400801606
0.031654383328691006	499.00200400801606
0.031654383328691006	499.00200400801606
0.031654383328691006	499.00200400801606
0.031654383328691006	499.00200400801606
0.031654383328691006	499.00200400801606
0.031654383328691006	499.00200400801606
0.031654383328691006	499.00200400801606
0.031654383328691006	499.00200400801606
0.03168589490127916	499.00400801603206
0.03174888759219171	499.0060120240481
0.031780052214109684	499.0080160320641
0.031811059805181126	499.0100200400802
0.03187342637680487	499.0120240480962
0.03221275408151378	499.02204408817636
0.0329215120933132	499.0501002004008
0.03438001948904929	499.0821643286573
0.037744600204621906	499.1763527054108
0.04331729245127232	499.2885771543086
0.05467316603745922	499.4829659318637
0.07461278473290207	499.77354709418836
0.10143848977760764	500.20841683366734
0.13586172787568343	500.79158316633266
0.18135069354849215	501.65130260521045
0.24195450368961458	502.8817635270541
0.3238156916714549	504.60921843687373
0.4219907983751336	506.85370741482967
0.5448592382006704	509.94789579158316
0.696133703717847	514.1743486973947
0.8597249878400999	519.2204408817636
1.0442505670062483	525.438877755511
1.254993523873697	533.3567134268537
1.4838512008145677	543.0080160320641
1.7244161279549686	554.6452905811623
1.9758969878630692	568.3527054108216
2.225489726126533	584.2024048096192
2.468744637435346	601.8256513026053
2.6879397669408602	621.6432865731463
2.8892962129261104	643.7274549098196
3.053236796768578	667.314629258517
3.1741817252953757	692.7034068136272
3.256106561786452	718.8877755511022
3.2787001251362224	745.559118236473
3.254208102831416	772.6492985971944
3.1729874000061664	799.4128256513026
3.0376333792112185	825.0861723446894
2.864455167890229	849.5410821643287
2.6545220735864254	872.0180360721442
2.4139399757620037	892.9298597194389
2.162926975418907	911.6573146292585
1.9037208835249486	928.1222444889779
1.6487964830277866	942.4168336673347
1.4026712421597665	954.4689378757515
1.1682499875551458	964.5851703406813
0.9680555496466596	972.5270541082165
0.7874482053577945	978.943887775551
0.6227560709818752	984.2505010020041
0.4883793135043935	988.2164328657315
0.37183872601795287	991.1803607214429
0.281348739873607	993.3426853707415
0.2108642339085964	994.8817635270541
0.15341511968377744	995.937875751503
0.11180105078232729	996.6613226452906
0.07906534644274445	997.1603206412825
0.05441235818791883	997.4749498997996
0.04019125089836795	997.6693386773547
0.02754105959709794	997.7935871743487
0.019197888786122587	997.8777555110221
0.015059549145204036	997.9098196392786
0.010319187799692127	997.9559118236473
0.007037082444150196	997.9739478957916
0.002827698603060955	997.9939879759519
0.0019999879357228425	997.9959919839679
0.0	998.0
0.0	998.0
0.0	998.0
0.0	998.0
0.0	998.0
0.0	998.0
0.0	998.0
0.0	998.0
0.0	998.0
0.0	998.0
0.0	998.0
0.0	998.0
0.0	998.0
0.0	998.0
0.0	998.0
0.0	998.0
0.0	998.0
0.0	998.0
0.0	998.0
0.0	998.0
0.0	998.0
0.0	998.0
0.0	998.0
0.0	998.0
0.0	998.0
0.0	998.0
0.0	998.0
0.0	998.0
0.0	998.0
0.0	998.0
0.0	998.0
0.0	998.0
0.0	998.0
0.0	998.0
0.0	998.0
0.0	998.0
0.0	998.0
0.0	998.0
0.0	998.0
0.0	998.0
0.0	998.0
0.0	998.0
0.0	998.0
0.0	998.0
0.0	998.0
0.0	998.0
0.0	998.0
0.0	998.0
0.0	998.0
