dD	 D	 
0.0	1.0
0.0	1.0
0.0	1.0
0.0	1.0
0.0	1.0
0.0	1.0
0.0	1.0
0.0	1.0
0.0	1.0
0.0	1.0
0.0	1.0
0.0	1.0
0.0	1.0
0.0	1.0
0.0	1.0
0.0	1.0
0.0	1.0
0.0	1.0
0.0	1.0
0.0	1.0
0.0	1.0
0.0	1.0
0.0	1.0
0.0	1.0
0.0	1.0
0.0	1.0
0.0	1.0
0.0	1.0
0.0	1.0
0.0	1.0
0.0	1.0
0.0001413930755011717	1.0001999800019998
0.0001999400059990001	1.0003999600039997
0.00024485100080988116	1.0005999400059995
0.0004468826275252179	1.0015998400159984
0.0009889593310598056	1.0041995800419958
0.001103293608449331	1.004999500049995
0.0016346468422095328	1.0085991400859915
0.0021865702663540505	1.0133986601339866
0.003166673862611941	1.0223977602239775
0.004246051433188417	1.0383961603839615
0.005645789100148098	1.0581941805819417
0.007439665432864581	1.0871912808719129
0.009680523406743137	1.1329867013298671
0.013477101056050158	1.2061793820617939
0.017485856692531748	1.3023697630236977
0.023493632248208475	1.452954704529547
0.03012170349885743	1.6401359864013598
0.038760018385196375	1.916908309169083
0.04967503084410178	2.2836716328367164
0.06267036533929975	2.7832216778322167
0.07958810441301173	3.466953304669533
0.10041202502231468	4.375462453754625
0.12612139305863143	5.585741425857414
0.15636199352335522	7.134786521347865
0.19361271836832356	9.195380461953805
0.2384121652696602	11.796520347965204
0.2909418283751092	15.131986801319869
0.35394057231551956	19.341965803419658
0.42614234659797684	24.59064093590641
0.5122937515566881	31.253374662533748
0.6099158655493334	39.38016198380162
0.7221119277129177	49.324167583241675
0.8489260864450687	61.34316568343166
0.9897912542260292	75.75392460753925
1.1470930859462365	93.06119388061194
1.3201878366854238	113.51474852514748
1.5119265372166324	137.74332566743325
1.719660062413221	165.98450154984502
1.9433143611825103	198.88161183881613
2.1823531756107553	236.85801419858015
2.436706345265677	280.56184381561843
2.7022852592203637	330.3156684331567
2.9786632624445435	386.8574142585741
3.2583595584751666	450.36426357364263
3.5436865739429755	521.6157384261573
3.8282711899880217	601.1759824017598
4.106549442354729	689.3009699030097
4.375293373092473	786.2244775522448
4.629390453220421	892.6244375562444
4.862610940235705	1008.7198280171983
5.070226514185223	1134.6000399960003
5.245637282997913	1270.3564643535647
5.380957767168428	1416.1940805919407
5.473619848224185	1571.9709029097091
5.518600347929264	1737.7355264473554
5.511526629147202	1913.0941905809418
5.447127080908601	2097.886911308869
5.321937834323818	2292.078092190781
5.137665276032772	2495.105189481052
4.889997322046199	2706.7842215778423
4.583151996977877	2926.104689531047
4.214457757434265	3152.5724427557243
3.7887910236690554	3385.198180181982
3.3118442250876314	3623.5799420057992
2.788479955600681	3867.3363663633636
2.230565051121851	4114.732826717328
1.6478721375253353	4365.460353964603
1.0595514930665042	4618.228077192281
0.5486622752596558	4872.336266373362
0.5453799301166777	5127.679532046795
1.058012790998943	5382.036696330367
1.6455196302078035	5635.234776522348
2.2305213917518336	5886.197880211978
2.7907658164719376	6133.709929007099
3.3105635122703028	6376.928207179282
3.7865653083583566	6615.372362763724
4.212968155353874	6848.566843315669
4.581061785045873	7075.09199080092
4.8914059138614	7294.8982101789825
5.138429905595612	7506.286671332867
5.324338931394318	7709.5453454654535
5.449755466091777	7903.746125387462
5.513494328998828	8089.027597240276
5.519256855360784	8264.955204479553
5.473153213859735	8430.681631836816
5.378668476272315	8586.197680231977
5.243573813409659	8732.293670632936
5.068898331460594	8868.01109889011
4.862998216004931	8993.868313168683
4.630316311967145	9109.918708129188
4.376365812346641	9216.13708629137
4.107236005821099	9313.310568943105
3.82837034477958	9401.12298770123
3.544360130365798	9480.602239776023
3.2597458214193646	9551.752324767524
2.9806943281748217	9615.160783921609
2.705267760013131	9671.669733026698
2.439137806889958	9721.602139786022
2.1851801540100104	9765.24297570243
1.9462066986089848	9803.24297570243
1.721982192913893	9836.111488851115
1.515024816743308	9864.369463053694
1.3236389886234017	9888.490650934906
1.1476394837147323	9909.115188481152
0.9898804274814758	9926.344465553444
0.8483533743386957	9940.828417158284
0.7218322689024754	9952.832616738326
0.6104677075578293	9962.739626037397
0.5136402894135867	9970.773622637736
0.42835378027616927	9977.34696530347
0.35586651708927103	9982.604639536046
0.2941853697450485	9986.808219178081
0.24079086899996147	9990.17408259174
0.1958412503961838	9992.786621337866
0.15756947917315992	9994.84401559844
0.12671640342987595	9996.411458854114
0.10118295515414606	9997.609739026097
0.08025843455896527	9998.52404759524
0.06322057411787112	9999.199980002
0.0491090267333276	9999.717328267174
0.03757795995943741	10000.105089491051
0.028956550559391867	10000.370662933707
0.022052714045006402	10000.56804319568
0.016911431886782378	10000.705629437056
0.01298516902304417	10000.799220077992
0.009426278105307205	10000.867813218678
0.007100703943159661	10000.9100089991
0.00535517485898484	10000.94200579942
0.003955151395827788	10000.960803919608
0.0028275260014999264	10000.974802519748
0.0020528506070548467	10000.984201579842
0.0015648307633547179	10000.989601039895
0.0009466895514266738	10000.99400059994
0.0007337904668985655	10000.996200379963
0.0005095332226455145	10000.998200179982
0.0003997799994881204	10000.998800119987
0.00028275079698830273	10000.999400059995
0.00028275079698830273	10000.999400059995
0.00014139307550117174	10000.999800019998
0.0	10001.0
0.0	10001.0
0.0	10001.0
0.0	10001.0
0.0	10001.0
0.0	10001.0
0.0	10001.0
0.0	10001.0
0.0	10001.0
0.0	10001.0
0.0	10001.0
0.0	10001.0
0.0	10001.0
0.0	10001.0
0.0	10001.0
0.0	10001.0
0.0	10001.0
0.0	10001.0
0.0	10001.0
0.0	10001.0
0.0	10001.0
0.0	10001.0
0.0	10001.0
0.0	10001.0
0.0	10001.0
0.0	10001.0
0.0	10001.0
0.0	10001.0
0.0	10001.0
0.0	10001.0
