dD	 D	 
0.0	1.0
0.0	1.0
0.0	1.0
0.0	1.0
0.0	1.0
0.0	1.0
0.00014143549766476536	1.0002000400080016
0.00042423102383224343	1.001000200040008
0.0010291391302067886	1.003600720144029
0.002858205840054028	1.0118023604720945
0.006452559516863162	1.0348069613922783
0.014688978785758236	1.1000200040008001
0.028228423879734153	1.2440488097619524
0.050243921384259406	1.530506101220244
0.08595030905669035	2.1104220844168835
0.14013632741631027	3.1834366873374673
0.22302498493649586	5.09001800360072
0.33886065660163134	8.248649729945988
0.5001882186095876	13.378075615123025
0.7127154328295305	21.142028405681135
0.9845686845433619	32.58671734346869
1.3265960669676962	48.98339667933587
1.7409447295984244	71.5371074214843
2.2264421805787724	101.41448289657932
2.784415307769564	140.1758351670334
3.4105192545363825	189.02140428085616
4.093156680842622	248.75855171034206
4.819025094551655	320.1382276455291
5.5789685817369286	404.1742348469694
6.353469274515747	500.747549509902
7.127492979339229	609.8055611122224
7.8812458282809645	730.5423084616923
8.603701274347806	862.9773954790958
9.279191234650765	1005.8117623524705
9.895491473374173	1157.5969193838769
10.4429126076441	1317.1684336867374
10.914930184758852	1483.6591318263652
11.305629270092833	1655.75675135027
11.61499340190852	1831.9183836767354
11.842220076476563	2010.4658931786357
11.987131802659327	2190.1972394478894
12.051123971680138	2370.01600320064
12.042602477727197	2548.753150630126
11.960751665348749	2725.4646929385876
11.810378600885093	2899.248649729946
11.598375706146031	3068.646329265853
11.328878206618395	3232.9601920384075
11.00501636328799	3391.407881576315
10.632646388870391	3543.1776355271054
10.215640358307262	3687.8951790358074
9.765759560213457	3824.7723544708942
9.287504571044012	3952.9329865973195
8.78257668237151	4072.5741148229645
8.263010070236056	4183.182836567314
7.7315426519001305	4284.751550310062
7.193687799121911	4377.680336067214
6.659476006837152	4461.520904180836
6.135718413859687	4536.789357871574
5.622933110083741	4604.238047609522
5.128696225327295	4663.678935787158
4.6561425051012515	4715.80376075215
4.207679281137001	4761.3450690138025
3.7843591052980714	4800.722144428886
3.3877915863227797	4834.544308861772
3.02152172374485	4863.365073014603
2.6803386725709557	4887.917583516703
2.3708865079781565	4908.430886177235
2.08777640450091	4925.533106621324
1.8313138730317378	4939.710342068413
1.5981270892940054	4951.588517703541
1.389391223359863	4961.318063612723
1.2032330259746424	4969.216243248649
1.0395094420827387	4975.615923184637
0.8976791469727089	4980.720544108822
0.7727799570947519	4984.816963392678
0.667428036404382	4988.060212042408
0.573959311570013	4990.600120024004
0.4914562712656743	4992.588917783557
0.4197014220486952	4994.114422884577
0.3554666011497425	4995.274854970994
0.29621387658918524	4996.200840168033
0.24691108071073797	4996.89597919584
0.20145201901185578	4997.446089217844
0.16354679906313546	4997.849569913983
0.1299110700540267	4998.16323264653
0.10227936651174492	4998.393678735747
0.0795041893437985	4998.5589117823565
0.061771281068523205	4998.684136827365
0.045433897915055435	4998.783956791358
0.03492870352884807	4998.846569313862
0.026562485100355245	4998.893378675735
0.020495028600033875	4998.9263852770555
0.015866008821879152	4998.95199039808
0.013246078593502117	4998.966593318663
0.011608891749417937	4998.978195639128
0.010793761030642227	4998.985397079416
0.010492490943980965	4998.989197839568
0.010273161833083865	4998.993398679736
0.010120245220768756	4998.99599919984
0.010042912124875214	4998.998399679936
0.010026971029418675	4999.000800160032
0.0100905747904771	4999.003200640128
0.010189152017409135	4999.005201040208
0.010508839335107455	4999.009201840368
0.011130401099325702	4999.015403080616
0.011923366762207057	4999.0224044808965
0.013915124260162845	4999.035607121425
0.015989627582780164	4999.050410082016
0.02074034969925476	4999.0768153630725
0.0263570774928191	4999.107821564313
0.03473970983833563	4999.152830566113
0.045599148455938265	4999.212842568514
0.0594914091275116	4999.304460892178
0.07767926645522777	4999.429285857172
0.10067647844346639	4999.603720744149
0.13044494741005838	4999.846969393879
0.16511673105266478	5000.166433286658
0.20182488425036546	5000.5709141828365
0.24835566655322056	5001.1128225645125
0.2994256321351595	5001.819163832766
0.3587818239493467	5002.742148429686
0.4213735628328047	5003.929585917183
0.4932836096387384	5005.451290258052
0.5744422994817021	5007.429285857172
0.6695702899924745	5009.975795159032
0.7749589307595994	5013.166033206641
0.899618330111621	5017.23524704941
1.0421615510503626	5022.297659531906
1.2060630634377527	5028.658731746349
1.393188364280182	5036.560712142428
1.6010241995921535	5046.198039607922
1.832995691752079	5057.982996599319
2.0914425037153164	5072.31326265253
2.3764801184479283	5089.4802960592115
2.687335059913436	5110.078415683137
3.027530816201549	5134.6429285857175
3.393174015408557	5163.491298259652
3.7904733387157967	5197.48449689938
4.215576393391675	5237.067413482697
4.663947862224211	5282.663332666533
5.13685858305624	5334.924584916984
5.630985226310016	5394.3822764552915
6.142819808631737	5461.646929385877
6.6700468683838166	5537.341268253651
7.2054663774753696	5621.480096019204
7.74064521400834	5714.230446089218
8.273125054161628	5816.295659131826
8.79419223252154	5927.113622724545
9.296471566178957	6046.626925385077
9.774902777077749	6174.823164632927
10.22458729114729	6311.271654330866
10.636926750646685	6455.609321864373
11.007146337097758	6607.469893978796
11.330216069017654	6766.254050810162
11.599185342010845	6930.596719343869
11.81084867527853	7099.815363072615
11.959734819395104	7273.666933386678
12.041217392698337	7450.555111022204
12.051953953931426	7629.481296259252
11.986717540004356	7809.155831166233
11.842348341055112	7988.911382276456
11.619071244977007	8167.074214842969
11.31047699910543	8342.859571914383
10.919620487897202	8514.743548709743
10.447845287476234	8681.333666733346
9.900772313024158	8841.00400080016
9.28617832453146	8992.722144428886
8.610213493367324	9135.380876175235
7.887958611906932	9267.666133226645
7.1334924092700405	9388.639727945589
6.35738665777892	9497.897379475895
5.580870431115987	9594.608921784356
4.82082622656263	9678.699139827966
4.095178325199162	9750.174034806962
3.412333461814007	9809.961592318463
2.7867531886020043	9858.753550710142
2.2286069962771253	9897.526105221044
1.7424536786004243	9927.448089617923
1.3283500128002292	9949.97199439888
0.9878177868725414	9966.278855771154
0.7106413161721327	9977.891178235646
0.4999460017234488	9985.619123824765
0.3400985620787573	9990.702140428086
0.2232899255405418	9993.88377675535
0.14127644150682245	9995.788557711543
0.08636463998432066	9996.868373674735
0.05005073702931051	9997.4624924985
0.028007809273521752	9997.757151430285
0.014908004107989706	9997.898979795958
0.007476462250651702	9997.959391878376
0.0034731709290399086	9997.985197039408
0.0014758613209311375	9997.994798959791
0.0007614117014482807	9997.997799559913
0.00024496529876306803	9997.999599919984
0.0	9998.0
0.0	9998.0
0.0	9998.0
0.0	9998.0
0.0	9998.0
0.0	9998.0
