dD	 D	 
0.0	1.0
0.0	1.0
0.0	1.0
0.0	1.0
0.0	1.0
0.0	1.0
0.0	1.0
0.0	1.0
0.0	1.0
0.0	1.0
0.0	1.0
0.0	1.0
0.0	1.0
0.0	1.0
0.0	1.0
0.0	1.0
0.0	1.0
0.0	1.0
0.0	1.0
0.0	1.0
0.0	1.0
0.0	1.0
0.0	1.0
0.0	1.0
0.0	1.0
0.0	1.0
0.0	1.0
0.0	1.0
0.0	1.0
0.0	1.0
0.0	1.0
0.0	1.0
0.0	1.0
0.0	1.0
0.0	1.0
0.0	1.0
0.0	1.0
0.0	1.0
0.0	1.0
0.0	1.0
0.0	1.0
0.0	1.0
0.0002828992753432743	1.0004001600640255
0.00039999990389751164	1.0008003201280513
0.0005654586976872078	1.0016006402561024
0.0008476590624874016	1.0032012805122048
0.0010179484100089466	1.0048019207683074
0.0012300467030644606	1.0064025610244098
0.001518192604491438	1.009203681472589
0.0026257948223493977	1.0188075230092037
0.0038608341189654534	1.0336134453781514
0.006018293981829581	1.0620248099239695
0.009406639110977286	1.118047218887555
0.01502922701907607	1.2076830732292918
0.022311408378247913	1.3473389355742298
0.03420885062246563	1.5946378551420568
0.05140770107409954	1.9967987194877952
0.07652344416308422	2.6514605842336936
0.11069233758378656	3.6566626650660266
0.15859650343347087	5.200880352140857
0.22293608988036487	7.531012404961984
0.30897075527797907	10.896358543417367
0.4253405552332009	15.841936774709884
0.5697990974092391	22.743497398959583
0.7514890567119308	32.33693477390956
0.9735227485213593	45.30652260904362
1.2371235772956044	62.26490596238495
1.5532895747032458	84.53301320528212
1.9196855342988195	113.01640656262505
2.3366583283841775	148.9983993597439
2.7972570897472897	193.2909163665466
3.296906960693123	246.96918767507003
3.8173225153737915	310.2404961984794
4.35239673116864	383.9119647859144
4.88739721502119	468.30372148859544
5.401053460756377	562.9119647859144
5.8747705294668044	667.453781512605
6.285844108308777	780.234493797519
6.622259127228473	900.2392957182873
6.871638321474224	1025.7146858743497
7.023736319709999	1154.7118847539016
7.066798479674893	1285.2729091636654
7.004603837153585	1414.1768707482993
6.838892410250681	1540.1272509003602
6.5799513107503085	1660.3781512605042
6.2381147540220345	1774.4569827931173
5.828001734509067	1880.1528611444578
5.36767840654085	1977.016006402561
4.874319763100838	2064.000800320128
4.366236268245578	2140.8043217286913
3.8606027640701948	2207.717486994798
3.3647583647478916	2264.7867146858744
2.890569793871382	2313.6006402561025
2.4496773265383185	2354.1032412965187
2.055444000752793	2386.9263705482194
1.7005256822318633	2413.4281712685074
1.3879534120932218	2434.7122849139655
1.117548121980989	2451.280112044818
0.8883972446106253	2464.0696278511405
0.6986273216488442	2473.761504601841
0.5445463306677693	2480.8835534213686
0.4189516611766556	2486.203681472589
0.31843431114581616	2490.0864345738296
0.2386724096069876	2492.8903561424568
0.1762798621338762	2494.853941576631
0.12949026964402283	2496.2408963585435
0.09523587629460954	2497.170068027211
0.06948212127730648	2497.791916766707
0.0503873641825021	2498.2300920368148
0.03692943429314941	2498.506202480992
0.02761758394700097	2498.691076430572
0.021818027663727743	2498.8087234893956
0.01844548182260884	2498.874349739896
0.01647792900396952	2498.9207683073228
0.015105061070394695	2498.9587835134053
0.014556318834433785	2498.9751900760302
0.014304000668523336	2498.985994397759
0.014178694791096107	2498.9947979191675
0.014167515444163161	2498.9967987194877
0.014173197205059392	2498.997599039616
0.014147790212520916	2498.999199679872
0.014147790212520916	2498.999199679872
0.014142134491454416	2499.0
0.01414496376716372	2499.000400160064
0.01414496376716372	2499.000400160064
0.01414496376716372	2499.000400160064
0.01414496376716372	2499.000400160064
0.01414496376716372	2499.000400160064
0.01414496376716372	2499.000400160064
0.01414496376716372	2499.000400160064
0.01414496376716372	2499.000400160064
0.01414496376716372	2499.000400160064
0.01414496376716372	2499.000400160064
0.01414496376716372	2499.000400160064
0.01414496376716372	2499.000400160064
0.01414496376716372	2499.000400160064
0.01414496376716372	2499.000400160064
0.01414496376716372	2499.000400160064
0.01414496376716372	2499.000400160064
0.01414496376716372	2499.000400160064
0.01414496376716372	2499.000400160064
0.01414496376716372	2499.000400160064
0.01414496376716372	2499.000400160064
0.01414496376716372	2499.000400160064
0.01414496376716372	2499.000400160064
0.01414496376716372	2499.000400160064
0.01414496376716372	2499.000400160064
0.01414496376716372	2499.000400160064
0.01414496376716372	2499.000400160064
0.01414496376716372	2499.000400160064
0.01414496376716372	2499.000400160064
0.01414496376716372	2499.000400160064
0.01414496376716372	2499.000400160064
0.01414496376716372	2499.000400160064
0.01414496376716372	2499.000400160064
0.01414496376716372	2499.000400160064
0.01414496376716372	2499.000400160064
0.01414496376716372	2499.000400160064
0.01414496376716372	2499.000400160064
0.01414496376716372	2499.000400160064
0.01414496376716372	2499.000400160064
0.01414496376716372	2499.000400160064
0.01414496376716372	2499.000400160064
0.01414496376716372	2499.000400160064
0.01414496376716372	2499.000400160064
0.01414496376716372	2499.000400160064
0.01414496376716372	2499.000400160064
0.01414496376716372	2499.000400160064
0.01414496376716372	2499.000400160064
0.01414496376716372	2499.000400160064
0.01414496376716372	2499.000400160064
0.01414496376716372	2499.000400160064
0.01414496376716372	2499.000400160064
0.01414496376716372	2499.000400160064
0.01414496376716372	2499.000400160064
0.01414496376716372	2499.000400160064
0.01414496376716372	2499.000400160064
0.01414496376716372	2499.000400160064
0.01414496376716372	2499.000400160064
0.01414496376716372	2499.000400160064
0.01414496376716372	2499.000400160064
0.01414496376716372	2499.000400160064
0.01414496376716372	2499.000400160064
0.01414496376716372	2499.000400160064
0.01414496376716372	2499.000400160064
0.01414496376716372	2499.000400160064
0.01414496376716372	2499.000400160064
0.01414496376716372	2499.000400160064
0.01414496376716372	2499.000400160064
0.01414496376716372	2499.000400160064
0.01414496376716372	2499.000400160064
0.01414496376716372	2499.000400160064
0.01414496376716372	2499.000400160064
0.01414496376716372	2499.000400160064
0.01414496376716372	2499.000400160064
0.01414496376716372	2499.000400160064
0.01414496376716372	2499.000400160064
0.01414496376716372	2499.000400160064
0.01414496376716372	2499.000400160064
0.01414496376716372	2499.000400160064
0.01414496376716372	2499.000400160064
0.01414496376716372	2499.000400160064
0.01414496376716372	2499.000400160064
0.01414496376716372	2499.000400160064
0.01414496376716372	2499.000400160064
0.01414496376716372	2499.000400160064
0.01414496376716372	2499.000400160064
0.01414496376716372	2499.000400160064
0.01414496376716372	2499.000400160064
0.01414496376716372	2499.000400160064
0.01414496376716372	2499.000400160064
0.01414496376716372	2499.000400160064
0.01414496376716372	2499.000400160064
0.01414496376716372	2499.000400160064
0.01414496376716372	2499.000400160064
0.01414496376716372	2499.000400160064
0.01414496376716372	2499.000400160064
0.01414496376716372	2499.000400160064
0.01414496376716372	2499.000400160064
0.01414496376716372	2499.000400160064
0.01414496376716372	2499.000400160064
0.01414496376716372	2499.000400160064
0.01414496376716372	2499.000400160064
0.01414496376716372	2499.000400160064
0.01414496376716372	2499.000400160064
0.01414496376716372	2499.000400160064
0.01414496376716372	2499.000400160064
0.01414496376716372	2499.000400160064
0.01414496376716372	2499.000400160064
0.01414496376716372	2499.000400160064
0.01414496376716372	2499.000400160064
0.01414496376716372	2499.000400160064
0.01414496376716372	2499.000400160064
0.01414496376716372	2499.000400160064
0.01414496376716372	2499.000400160064
0.01414496376716372	2499.000400160064
0.01414496376716372	2499.000400160064
0.01414496376716372	2499.000400160064
0.01414496376716372	2499.000400160064
0.01414496376716372	2499.000400160064
0.01414496376716372	2499.000400160064
0.01414496376716372	2499.000400160064
0.01414496376716372	2499.000400160064
0.01414496376716372	2499.000400160064
0.01414496376716372	2499.000400160064
0.01414496376716372	2499.000400160064
0.01414496376716372	2499.000400160064
0.01414496376716372	2499.000400160064
0.01414496376716372	2499.000400160064
0.01414496376716372	2499.000400160064
0.01414496376716372	2499.000400160064
0.01414496376716372	2499.000400160064
0.01414496376716372	2499.000400160064
0.01414496376716372	2499.000400160064
0.01414496376716372	2499.000400160064
0.01414496376716372	2499.000400160064
0.01414496376716372	2499.000400160064
0.01414496376716372	2499.000400160064
0.01414496376716372	2499.000400160064
0.01414496376716372	2499.000400160064
0.01414496376716372	2499.000400160064
0.01414496376716372	2499.000400160064
0.01414496376716372	2499.000400160064
0.01414496376716372	2499.000400160064
0.01414496376716372	2499.000400160064
0.01414496376716372	2499.000400160064
0.01414496376716372	2499.000400160064
0.01414496376716372	2499.000400160064
0.01414496376716372	2499.000400160064
0.01414496376716372	2499.000400160064
0.01414496376716372	2499.000400160064
0.01414496376716372	2499.000400160064
0.01414496376716372	2499.000400160064
0.01414496376716372	2499.000400160064
0.01414496376716372	2499.000400160064
0.01414496376716372	2499.000400160064
0.01414496376716372	2499.000400160064
0.01414496376716372	2499.000400160064
0.01414496376716372	2499.000400160064
0.01414496376716372	2499.000400160064
0.01414496376716372	2499.000400160064
0.01414496376716372	2499.000400160064
0.01414496376716372	2499.000400160064
0.01414496376716372	2499.000400160064
0.01414496376716372	2499.000400160064
0.01414496376716372	2499.000400160064
0.01414496376716372	2499.000400160064
0.01414496376716372	2499.000400160064
0.01414496376716372	2499.000400160064
0.01414496376716372	2499.000400160064
0.01414496376716372	2499.000400160064
0.01414496376716372	2499.000400160064
0.01414496376716372	2499.000400160064
0.01414496376716372	2499.000400160064
0.01414496376716372	2499.000400160064
0.01414496376716372	2499.000400160064
0.01414496376716372	2499.000400160064
0.01414496376716372	2499.000400160064
0.01414496376716372	2499.000400160064
0.01414496376716372	2499.000400160064
0.01414496376716372	2499.000400160064
0.01414496376716372	2499.000400160064
0.01414496376716372	2499.000400160064
0.01414496376716372	2499.000400160064
0.01414496376716372	2499.000400160064
0.01414496376716372	2499.000400160064
0.01414496376716372	2499.000400160064
0.01414496376716372	2499.000400160064
0.01414496376716372	2499.000400160064
0.01414496376716372	2499.000400160064
0.01414496376716372	2499.000400160064
0.01414496376716372	2499.000400160064
0.01414496376716372	2499.000400160064
0.01414496376716372	2499.000400160064
0.01414496376716372	2499.000400160064
0.01414496376716372	2499.000400160064
0.01414496376716372	2499.000400160064
0.01414496376716372	2499.000400160064
0.01414496376716372	2499.000400160064
0.01414496376716372	2499.000400160064
0.01414496376716372	2499.000400160064
0.01414496376716372	2499.000400160064
0.01414496376716372	2499.000400160064
0.01414496376716372	2499.000400160064
0.01414496376716372	2499.000400160064
0.01414496376716372	2499.000400160064
0.01414496376716372	2499.000400160064
0.01414496376716372	2499.000400160064
0.01414496376716372	2499.000400160064
0.01414496376716372	2499.000400160064
0.01414496376716372	2499.000400160064
0.01414496376716372	2499.000400160064
0.01414496376716372	2499.000400160064
0.01414496376716372	2499.000400160064
0.01414496376716372	2499.000400160064
0.01414496376716372	2499.000400160064
0.01414496376716372	2499.000400160064
0.01414496376716372	2499.000400160064
0.01414496376716372	2499.000400160064
0.01414496376716372	2499.000400160064
0.01414496376716372	2499.000400160064
0.01414496376716372	2499.000400160064
0.01414496376716372	2499.000400160064
0.01414496376716372	2499.000400160064
0.01414496376716372	2499.000400160064
0.01414496376716372	2499.000400160064
0.01414496376716372	2499.000400160064
0.01414496376716372	2499.000400160064
0.01414496376716372	2499.000400160064
0.01414496376716372	2499.000400160064
0.01414496376716372	2499.000400160064
0.01414496376716372	2499.000400160064
0.01414496376716372	2499.000400160064
0.01414496376716372	2499.000400160064
0.01414496376716372	2499.000400160064
0.01414496376716372	2499.000400160064
0.01414496376716372	2499.000400160064
0.01414496376716372	2499.000400160064
0.01414496376716372	2499.000400160064
0.01414496376716372	2499.000400160064
0.01414496376716372	2499.000400160064
0.01414496376716372	2499.000400160064
0.01414496376716372	2499.000400160064
0.01414496376716372	2499.000400160064
0.01414496376716372	2499.000400160064
0.01414496376716372	2499.000400160064
0.01414496376716372	2499.000400160064
0.01414496376716372	2499.000400160064
0.01414496376716372	2499.000400160064
0.01414496376716372	2499.000400160064
0.01414496376716372	2499.000400160064
0.01414496376716372	2499.000400160064
0.01414496376716372	2499.000400160064
0.01414496376716372	2499.000400160064
0.01414496376716372	2499.000400160064
0.01414496376716372	2499.000400160064
0.01414496376716372	2499.000400160064
0.014147790212520916	2499.000800320128
0.014147790212520916	2499.000800320128
0.014156252583424704	2499.0020008003203
0.01416188004327892	2499.002801120448
0.014181487403648687	2499.005602240896
0.014228794648508005	2499.0108043217288
0.014314193831194552	2499.0184073629453
0.014557751613711365	2499.0284113645457
0.014988116644665355	2499.045618247299
0.015665735748704297	2499.0656262505004
0.017332466676778464	2499.109243697479
0.02037079566488533	2499.1800720288115
0.02549182017033141	2499.2833133253303
0.034543023548925474	2499.4629851940776
0.04678619547633244	2499.7278911564626
0.06518097741475873	2500.151660664266
0.0912186749219235	2500.78031212485
0.1269738028028748	2501.7150860344136
0.1757257299612249	2503.140856342537
0.23765310196575365	2505.0984393757503
0.31860152544768233	2507.921968787515
0.41707289813419585	2511.7611044417768
0.542831071669841	2517.1008403361343
0.699176648413745	2524.330932372949
0.8910415823934535	2534.0088035214085
1.1166101655856882	2546.7070828331334
1.383211732939091	2563.2264905962384
1.6982727859364963	2584.484593837535
2.0552640635379213	2611.282913165266
2.4543406766371296	2644.3085234093637
2.889774290497557	2684.4725890356144
3.3640409796995	2733.0864345738296
3.86066279260952	2790.3797519007603
4.372557447323438	2857.4905962384955
4.881592329706393	2934.245698279312
5.372590423952138	3021.0224089635853
5.830184578628657	3117.46818727491
6.240893228157317	3223.8543417366946
6.585407262892909	3338.228891556623
6.842808214304884	3458.635854341737
7.006462205632632	3584.6558623449378
7.069119156670495	3713.6914765906363
7.021648513829968	3843.906762705082
6.87215240512431	3972.9439775910364
6.620835981694768	4098.5350140056025
6.278518090645389	4219.112044817927
5.864198582652622	4332.0520208083235
5.392678637577361	4436.068027210885
4.879954141985802	4530.926370548219
4.347498983747243	4615.293317326931
3.8114711043946743	4689.251700680272
3.2883085251157063	4752.556222488995
2.7900264003921795	4806.104841936774
2.330802318403198	4850.339735894358
1.9163510275989635	4886.19487795118
1.5461265756227278	4914.765906362545
1.2291369166742079	4937.072829131653
0.9597998227021157	4954.276510604242
0.7404106147574049	4967.0648259303725
0.5634060342372637	4976.455782312925
0.4203877140010298	4983.259303721488
0.3081969708815009	4988.1140456182475
0.22317406084424463	4991.486594637855
0.1579160176865584	4993.80712284914
0.10996564077466589	4995.337334933974
0.07552957700466716	4996.350540216086
0.05048125868007864	4996.99799919968
0.03364788481924766	4997.40656262505
0.021662492078687385	4997.65706282513
0.014199278525626453	4997.811524609844
0.008615579273773693	4997.894357743097
0.005397534443755676	4997.939575830332
0.0035742764878355813	4997.968787515006
0.0024052932765583116	4997.982793117247
0.0011974740267129862	4997.993997599039
0.0010186405923544985	4997.995998399359
0.0003999999038975116	4997.999199679872
0.00028289927534327436	4997.999599839936
0.00028289927534327436	4997.999599839936
0.0	4998.0
0.0	4998.0
0.0	4998.0
0.0	4998.0
0.0	4998.0
0.0	4998.0
0.0	4998.0
0.0	4998.0
0.0	4998.0
0.0	4998.0
0.0	4998.0
0.0	4998.0
0.0	4998.0
0.0	4998.0
0.0	4998.0
0.0	4998.0
0.0	4998.0
0.0	4998.0
0.0	4998.0
0.0	4998.0
0.0	4998.0
0.0	4998.0
0.0	4998.0
0.0	4998.0
0.0	4998.0
0.0	4998.0
0.0	4998.0
0.0	4998.0
0.0	4998.0
0.0	4998.0
0.0	4998.0
0.0	4998.0
0.0	4998.0
0.0	4998.0
0.0	4998.0
0.0	4998.0
0.0	4998.0
0.0	4998.0
0.0	4998.0
0.0	4998.0
0.0	4998.0
0.0	4998.0
0.0	4998.0
0.0	4998.0
