dD	 D	 
0.0	1.0
0.0	1.0
0.0	1.0
0.0	1.0
0.0	1.0
0.0	1.0
0.0001999400059990001	1.0003999600039997
0.0008118400427118192	1.0027997200279972
0.0021269040288784623	1.0123987601239877
0.006684271449763733	1.045995400459954
0.016507251407194987	1.1433856614338567
0.03399709182634571	1.356164383561644
0.06423086322859466	1.8097190280971902
0.11436631371817169	2.713828617138286
0.1970015805744915	4.480651934806519
0.32253772815153586	7.644535546445355
0.5043032037254054	13.043795620437956
0.7564710665409612	21.885111488851116
1.0856040544967556	35.498150184981505
1.5120692035459957	55.998700129987
2.043171437663574	85.40475952404759
2.685493521334316	126.3128687131287
3.4365187655961473	181.005799420058
4.289537521618015	251.989901009899
5.225979280238074	340.81841815818416
6.227480564234177	449.2981701829817
7.266323163455704	577.7393260673932
8.308557898807203	725.5589441055895
9.323150071422265	891.5365463453654
10.279614664430335	1073.6249375062494
11.151521849973003	1268.6536346365363
11.918561949924836	1472.8412158784122
12.570697151429561	1683.3101689831017
13.097178836333967	1895.5507449255074
13.499628264943496	2105.6953304669532
13.785687081410956	2310.5042495750426
13.965756128787298	2506.8486151384864
14.056401405473531	2692.3158684131586
14.071939769528441	2865.181781821818
14.030580209363272	3024.661433856614
13.947510831991748	3169.750924907509
13.834554752154636	3300.6190380961903
13.701830109944922	3417.6671332866713
13.557255070527626	3521.8007199280073
13.405611652453038	3614.036296370363
13.251817830815732	3695.200179982002
13.097493422640975	3766.926407359264
12.944224336036813	3830.216878312169
12.795451944117733	3886.014298570143
12.650849695001137	3935.4141585841417
12.514326671910274	3978.983201679832
12.383908077422904	4017.7159284071595
12.259884323465755	4052.1956804319566
12.141352516706155	4083.047195280472
12.027686178671626	4110.783821617838
11.919967787082289	4135.672332766723
11.81539475108837	4158.307869213078
11.71432543491283	4178.860413958604
11.616170064602272	4197.678932106789
11.521037552173873	4215.132386761324
11.429275513366061	4231.266173382662
11.339497174767697	4246.359264073592
11.253929100228232	4260.399060093991
11.17081255192972	4273.665933406659
11.09091704180269	4286.200079992001
11.014023643287894	4298.111288871113
10.939553767484748	4309.346165383462
10.865621418722334	4320.160883911609
10.792340493709299	4330.545045495451
10.716904122034771	4340.801419858014
10.64065788835839	4350.837816218378
10.560577491831982	4360.8284171582845
10.47568721052885	4370.970802919708
10.384114331512258	4381.262773722628
10.285242905193728	4391.950104989501
10.177805377061832	4403.09199080092
10.059772145881944	4414.872812718728
9.931010312709532	4427.358164183582
9.788971072129197	4440.747825217478
9.632168659650674	4455.1899810018995
9.460025768255765	4470.62703729627
9.270128146096056	4487.232376762324
9.062798760811726	4505.036796320368
8.834682093370562	4524.050694930507
8.583959599457812	4544.415858414159
8.307154097782913	4566.2100789921005
8.003637691637207	4589.416358364164
7.674120787826535	4613.796320367963
7.310654587206976	4639.588341165883
6.91481696210605	4666.575242475752
6.4806487974614795	4694.7084291570845
6.005874227882218	4723.880711928807
5.482749717243805	4754.087091290871
4.913316129441016	4785.023597640236
4.287204779956784	4816.779422057794
3.605196666934487	4849.361563843616
2.87431899793636	4882.338266173383
2.0931979921481347	4915.809319068093
1.2756891274655868	4949.686531346865
0.44510344103401805	4983.592940705929
0.448034273479936	5017.629737026297
1.279681629737164	5051.6093390660935
2.09175680678386	5085.174582541746
2.8704952735639195	5118.523647635237
3.6011154340133746	5151.462953704629
4.280178090528706	5183.896310368963
4.908986080918826	5215.775122487751
5.48045124427171	5246.8100189981005
6.002355438437068	5276.8982101789825
6.478066554076451	5306.133486651335
6.912024806914845	5334.240475952405
7.306815782710767	5361.112788721128
7.669253277937133	5386.90400959904
8.001493208669533	5411.469153084691
8.305674240592452	5434.710628937106
8.582269269838482	5456.48705129487
8.835350542958908	5477.024197580242
9.064016362288923	5496.098690130987
9.271391031693602	5513.852714728527
9.460898662208226	5530.461253874612
9.634307793202495	5545.963903609639
9.789970490126679	5560.265873412659
9.93113092107878	5573.628537146285
10.061469246769219	5586.241675832417
10.179558875169882	5598.056294370563
10.287584665147763	5609.2125787421255
10.386040592794657	5619.846115388461
10.476252251880101	5630.1230876912305
10.560784457512144	5640.182281771823
10.640413228824853	5650.164883511648
10.716709775841894	5660.140285971403
10.790770215271209	5670.282871712829
10.86382688598292	5680.653834616538
10.937743514963845	5691.459954004599
11.011987418166049	5702.771622837717
11.089528112418725	5714.714228577142
11.16860761192346	5727.24297570243
11.251639303683607	5740.486251374862
11.33749831322284	5754.587241275873
11.426868556654284	5769.65493450655
11.520405557524267	5785.892110788921
11.616340519761065	5803.389161083892
11.714670641666059	5822.287271272873
11.81615802577427	5842.917808219178
11.920538371685298	5865.569543045695
12.029733088565694	5890.648235176483
12.142840524529836	5918.348065193481
12.261288268214932	5949.12498750125
12.385809075448103	5983.5679432056795
12.515828919454668	6022.198680131987
12.653017443420651	6065.783321667834
12.795991652085355	6115.063393660634
12.944207193947626	6170.8430156984305
13.097324939808477	6234.191080891911
13.252183223364062	6306.036896310369
13.406659524574803	6387.530546945305
13.558135742636747	6479.731926807319
13.703578517303146	6583.855114488551
13.837137212024901	6700.862613738626
13.950117374754784	6831.570142985702
14.033523577119777	6976.901809819018
14.074678505215	7136.035896410359
14.058518974812111	7308.905809419058
13.96808927303171	7494.318668133186
13.786870286715667	7690.9492050794925
13.50000886713208	7896.138086191381
13.09699334815823	8106.453254674532
12.57085862789645	8318.48505149485
11.920003176975495	8528.95700429957
11.152272644937533	8733.451554844516
10.279875473510362	8928.399660033996
9.32371317844002	9110.405459454054
8.308749934784629	9276.379662033796
7.268030826925451	9424.09089091091
6.2297778662790435	9552.538046195381
5.226555097927012	9661.08599140086
4.288747140890857	9749.986901309869
3.436394274428827	9820.921807819219
2.683319603100041	9875.712528747124
2.039245705532781	9916.689431056895
1.5086857945661585	9946.100689931007
1.0829950306698288	9966.534446555344
0.7525850125225624	9980.163283671633
0.5030510583725443	9988.957804219577
0.32190299840345665	9994.367463253675
0.1970796454399985	9997.516548345166
0.11443449301312938	9999.277972202779
0.06381378561141576	10000.190680931906
0.03340841187365912	10000.650234976501
0.016028967775546996	10000.861413858614
0.006914219163272745	10000.950604939506
0.002178850073153552	10000.989201079892
0.000662824400549411	10000.997600239976
0.00014139307550117174	10000.999800019998
0.0	10001.0
0.0	10001.0
0.0	10001.0
0.0	10001.0
0.0	10001.0
0.0	10001.0
