dD	 D	 
0.0	1.0
0.0	1.0
0.001415627058175783	1.002004008016032
0.001415627058175783	1.002004008016032
0.0024470094657750084	1.006012024048096
0.008783505829991621	1.034068136272545
0.02387621421643683	1.1422845691382766
0.05503954744281315	1.4208416833667334
0.10441166621557835	1.9579158316633267
0.18330795916840775	3.1803607214428857
0.30524292971876027	5.4188376753507015
0.4656137596974647	8.987975951903808
0.6780335625879196	14.354709418837675
0.9440506182242736	22.296593186372746
1.2523018216640533	33.122244488977955
1.6030126945706131	47.48897795591182
1.9743800150250888	65.48697394789579
2.336514849494038	86.53507014028057
2.6741649704242376	110.41482965931864
2.9719702221565325	136.92184368737475
3.2200352078614514	165.31062124248496
3.401779065168167	194.6372745490982
3.5224240101173496	224.65130260521042
3.580697772929047	254.9118236472946
3.571961493723044	283.89178356713427
3.506772574357018	311.0821643286573
3.3976727853528113	336.21042084168334
3.254073655728944	359.29058116232466
3.071912468319485	380.250501002004
2.864548206010038	399.0360721442886
2.6546315699517304	415.44689378757516
2.4364049897960482	429.8937875751503
2.2156591484931583	442.11623246492985
2.0062139587179395	452.47695390781564
1.8129483942442626	460.9899799599198
1.6325455474962909	468.07214428857714
1.465605899651996	473.7615230460922
1.3098187666357402	478.58917835671343
1.1766815836999214	482.5270541082164
1.0467673473028758	485.749498997996
0.9294339749673215	488.35871743486973
0.8256666477630146	490.36472945891785
0.7269593620507476	492.062124248497
0.6209801881320512	493.5450901803607
0.5417714629441808	494.6553106212425
0.4702456999342668	495.5110220440882
0.4072973031989894	496.23647294589176
0.3466323165704882	496.80961923847696
0.2931092628537156	497.29058116232466
0.24249506793328188	497.6633266533066
0.19830445369900837	497.97795591182364
0.1706433995847674	498.1823647294589
0.14028525121433374	498.3807615230461
0.11557181704066317	498.5450901803607
0.1000177652096533	498.64128256513027
0.08003600285259618	498.73547094188376
0.06227605748078902	498.8176352705411
0.05117623112997354	498.8677354709419
0.0466245538890681	498.89579158316633
0.04113817939780691	498.91983967935874
0.03675170649277567	498.94789579158316
0.03543181375030096	498.95991983967934
0.03417257063302565	498.9699398797595
0.03334845393332134	498.9819639278557
0.03200087586074649	498.9939879759519
0.03203254907747232	498.99599198396794
0.0318756357170933	498.99799599198394
0.03174945795141255	499.0
0.03174945795141255	499.0
0.03174945795141255	499.0
0.03174945795141255	499.0
0.031654383328691006	499.00200400801606
0.031654383328691006	499.00200400801606
0.031654383328691006	499.00200400801606
0.031654383328691006	499.00200400801606
0.031654383328691006	499.00200400801606
0.031654383328691006	499.00200400801606
0.031654383328691006	499.00200400801606
0.031654383328691006	499.00200400801606
0.031654383328691006	499.00200400801606
0.031654383328691006	499.00200400801606
0.031654383328691006	499.00200400801606
0.031654383328691006	499.00200400801606
0.031654383328691006	499.00200400801606
0.031654383328691006	499.00200400801606
0.031654383328691006	499.00200400801606
0.031654383328691006	499.00200400801606
0.031654383328691006	499.00200400801606
0.031654383328691006	499.00200400801606
0.031654383328691006	499.00200400801606
0.031654383328691006	499.00200400801606
0.031654383328691006	499.00200400801606
0.031654383328691006	499.00200400801606
0.031654383328691006	499.00200400801606
0.031654383328691006	499.00200400801606
0.031654383328691006	499.00200400801606
0.031654383328691006	499.00200400801606
0.031654383328691006	499.00200400801606
0.031654383328691006	499.00200400801606
0.031654383328691006	499.00200400801606
0.031654383328691006	499.00200400801606
0.031654383328691006	499.00200400801606
0.031654383328691006	499.00200400801606
0.031654383328691006	499.00200400801606
0.031654383328691006	499.00200400801606
0.031654383328691006	499.00200400801606
0.031654383328691006	499.00200400801606
0.031654383328691006	499.00200400801606
0.031654383328691006	499.00200400801606
0.031654383328691006	499.00200400801606
0.031654383328691006	499.00200400801606
0.031654383328691006	499.00200400801606
0.031654383328691006	499.00200400801606
0.031654383328691006	499.00200400801606
0.031654383328691006	499.00200400801606
0.031654383328691006	499.00200400801606
0.031654383328691006	499.00200400801606
0.031654383328691006	499.00200400801606
0.031654383328691006	499.00200400801606
0.031654383328691006	499.00200400801606
0.031654383328691006	499.00200400801606
0.031654383328691006	499.00200400801606
0.031654383328691006	499.00200400801606
0.031654383328691006	499.00200400801606
0.031654383328691006	499.00200400801606
0.031654383328691006	499.00200400801606
0.031654383328691006	499.00200400801606
0.031654383328691006	499.00200400801606
0.031654383328691006	499.00200400801606
0.031654383328691006	499.00200400801606
0.031654383328691006	499.00200400801606
0.031654383328691006	499.00200400801606
0.031654383328691006	499.00200400801606
0.031654383328691006	499.00200400801606
0.031654383328691006	499.00200400801606
0.031654383328691006	499.00200400801606
0.031654383328691006	499.00200400801606
0.031654383328691006	499.00200400801606
0.031654383328691006	499.00200400801606
0.031654383328691006	499.00200400801606
0.031654383328691006	499.00200400801606
0.031654383328691006	499.00200400801606
0.031654383328691006	499.00200400801606
0.031654383328691006	499.00200400801606
0.031654383328691006	499.00200400801606
0.031654383328691006	499.00200400801606
0.031654383328691006	499.00200400801606
0.031654383328691006	499.00200400801606
0.031654383328691006	499.00200400801606
0.031654383328691006	499.00200400801606
0.031654383328691006	499.00200400801606
0.031654383328691006	499.00200400801606
0.031654383328691006	499.00200400801606
0.031654383328691006	499.00200400801606
0.031654383328691006	499.00200400801606
0.031654383328691006	499.00200400801606
0.031654383328691006	499.00200400801606
0.031654383328691006	499.00200400801606
0.031654383328691006	499.00200400801606
0.031654383328691006	499.00200400801606
0.031654383328691006	499.00200400801606
0.031654383328691006	499.00200400801606
0.031654383328691006	499.00200400801606
0.031654383328691006	499.00200400801606
0.031654383328691006	499.00200400801606
0.031654383328691006	499.00200400801606
0.031654383328691006	499.00200400801606
0.031654383328691006	499.00200400801606
0.031654383328691006	499.00200400801606
0.031654383328691006	499.00200400801606
0.031654383328691006	499.00200400801606
0.031654383328691006	499.00200400801606
0.031654383328691006	499.00200400801606
0.031654383328691006	499.00200400801606
0.031654383328691006	499.00200400801606
0.031654383328691006	499.00200400801606
0.031654383328691006	499.00200400801606
0.031654383328691006	499.00200400801606
0.031654383328691006	499.00200400801606
0.031654383328691006	499.00200400801606
0.031654383328691006	499.00200400801606
0.031654383328691006	499.00200400801606
0.031654383328691006	499.00200400801606
0.031654383328691006	499.00200400801606
0.031654383328691006	499.00200400801606
0.031654383328691006	499.00200400801606
0.031654383328691006	499.00200400801606
0.031654383328691006	499.00200400801606
0.031654383328691006	499.00200400801606
0.031654383328691006	499.00200400801606
0.031654383328691006	499.00200400801606
0.031654383328691006	499.00200400801606
0.031654383328691006	499.00200400801606
0.031654383328691006	499.00200400801606
0.031654383328691006	499.00200400801606
0.031654383328691006	499.00200400801606
0.031654383328691006	499.00200400801606
0.031654383328691006	499.00200400801606
0.031654383328691006	499.00200400801606
0.031654383328691006	499.00200400801606
0.031654383328691006	499.00200400801606
0.031654383328691006	499.00200400801606
0.031654383328691006	499.00200400801606
0.031654383328691006	499.00200400801606
0.031654383328691006	499.00200400801606
0.031654383328691006	499.00200400801606
0.031654383328691006	499.00200400801606
0.031654383328691006	499.00200400801606
0.031654383328691006	499.00200400801606
0.031654383328691006	499.00200400801606
0.031654383328691006	499.00200400801606
0.031654383328691006	499.00200400801606
0.031654383328691006	499.00200400801606
0.031654383328691006	499.00200400801606
0.031654383328691006	499.00200400801606
0.031654383328691006	499.00200400801606
0.031654383328691006	499.00200400801606
0.031654383328691006	499.00200400801606
0.031654383328691006	499.00200400801606
0.031654383328691006	499.00200400801606
0.031654383328691006	499.00200400801606
0.031654383328691006	499.00200400801606
0.031654383328691006	499.00200400801606
0.031654383328691006	499.00200400801606
0.031654383328691006	499.00200400801606
0.031654383328691006	499.00200400801606
0.031654383328691006	499.00200400801606
0.031654383328691006	499.00200400801606
0.031654383328691006	499.00200400801606
0.031654383328691006	499.00200400801606
0.031654383328691006	499.00200400801606
0.031654383328691006	499.00200400801606
0.031654383328691006	499.00200400801606
0.031654383328691006	499.00200400801606
0.031654383328691006	499.00200400801606
0.031654383328691006	499.00200400801606
0.031654383328691006	499.00200400801606
0.031654383328691006	499.00200400801606
0.031654383328691006	499.00200400801606
0.031654383328691006	499.00200400801606
0.031654383328691006	499.00200400801606
0.031654383328691006	499.00200400801606
0.031654383328691006	499.00200400801606
0.031654383328691006	499.00200400801606
0.031654383328691006	499.00200400801606
0.031654383328691006	499.00200400801606
0.031654383328691006	499.00200400801606
0.031654383328691006	499.00200400801606
0.031654383328691006	499.00200400801606
0.031654383328691006	499.00200400801606
0.031654383328691006	499.00200400801606
0.031654383328691006	499.00200400801606
0.031654383328691006	499.00200400801606
0.031654383328691006	499.00200400801606
0.031654383328691006	499.00200400801606
0.031654383328691006	499.00200400801606
0.031654383328691006	499.00200400801606
0.031654383328691006	499.00200400801606
0.031654383328691006	499.00200400801606
0.031654383328691006	499.00200400801606
0.031654383328691006	499.00200400801606
0.031654383328691006	499.00200400801606
0.031654383328691006	499.00200400801606
0.031654383328691006	499.00200400801606
0.031654383328691006	499.00200400801606
0.031654383328691006	499.00200400801606
0.031654383328691006	499.00200400801606
0.031654383328691006	499.00200400801606
0.031654383328691006	499.00200400801606
0.031654383328691006	499.00200400801606
0.031654383328691006	499.00200400801606
0.031654383328691006	499.00200400801606
0.031654383328691006	499.00200400801606
0.031654383328691006	499.00200400801606
0.031654383328691006	499.00200400801606
0.031654383328691006	499.00200400801606
0.031654383328691006	499.00200400801606
0.031654383328691006	499.00200400801606
0.031654383328691006	499.00200400801606
0.031654383328691006	499.00200400801606
0.031654383328691006	499.00200400801606
0.031654383328691006	499.00200400801606
0.031654383328691006	499.00200400801606
0.031654383328691006	499.00200400801606
0.031654383328691006	499.00200400801606
0.031654383328691006	499.00200400801606
0.031654383328691006	499.00200400801606
0.031654383328691006	499.00200400801606
0.031654383328691006	499.00200400801606
0.031654383328691006	499.00200400801606
0.031654383328691006	499.00200400801606
0.031654383328691006	499.00200400801606
0.031654383328691006	499.00200400801606
0.031654383328691006	499.00200400801606
0.031654383328691006	499.00200400801606
0.031654383328691006	499.00200400801606
0.031654383328691006	499.00200400801606
0.031654383328691006	499.00200400801606
0.031654383328691006	499.00200400801606
0.031654383328691006	499.00200400801606
0.031654383328691006	499.00200400801606
0.031654383328691006	499.00200400801606
0.031654383328691006	499.00200400801606
0.031654383328691006	499.00200400801606
0.031654383328691006	499.00200400801606
0.031654383328691006	499.00200400801606
0.031654383328691006	499.00200400801606
0.031654383328691006	499.00200400801606
0.031654383328691006	499.00200400801606
0.031654383328691006	499.00200400801606
0.031654383328691006	499.00200400801606
0.031654383328691006	499.00200400801606
0.031654383328691006	499.00200400801606
0.031654383328691006	499.00200400801606
0.031654383328691006	499.00200400801606
0.031654383328691006	499.00200400801606
0.031654383328691006	499.00200400801606
0.031654383328691006	499.00200400801606
0.031654383328691006	499.00200400801606
0.031654383328691006	499.00200400801606
0.031654383328691006	499.00200400801606
0.031654383328691006	499.00200400801606
0.031654383328691006	499.00200400801606
0.031654383328691006	499.00200400801606
0.031654383328691006	499.00200400801606
0.031654383328691006	499.00200400801606
0.031654383328691006	499.00200400801606
0.031654383328691006	499.00200400801606
0.031654383328691006	499.00200400801606
0.031654383328691006	499.00200400801606
0.031654383328691006	499.00200400801606
0.03168589490127916	499.00400801603206
0.03174888759219171	499.0060120240481
0.032124437761786334	499.0120240480962
0.032401707266035897	499.0180360721443
0.03246244328531212	499.0200400801603
0.03276756634929709	499.02404809619236
0.03342812042396593	499.03206412825654
0.03395591551355723	499.04008016032066
0.03697429099966644	499.0661322645291
0.042040925792795156	499.09819639278555
0.04694563801341849	499.12224448897797
0.05342711398164793	499.1643286573146
0.0631618609840223	499.2064128256513
0.07773622745958635	499.2745490981964
0.08948837343430203	499.34068136272543
0.11305878314164618	499.4829659318637
0.13845519550467658	499.63527054108215
0.16406343308018984	499.78356713426854
0.19399458779780196	500.02204408817636
0.23101314782681984	500.30060120240483
0.28663785914620216	500.69138276553105
0.34150679459544464	501.15230460921845
0.4045135908784024	501.749498997996
0.46683827428116337	502.4509018036072
0.543758077986403	503.37274549098197
0.621858811048269	504.4509018036072
0.7154105421437644	505.82965931863725
0.8135023938065123	507.5430861723447
0.923254482289432	509.65130260521045
1.040763022221689	512.2164328657315
1.1700208426346606	515.3947895791583
1.3186811314456681	519.4088176352706
1.4742593311741126	524.1963927855711
1.6436812359425956	530.0440881763527
1.8209733039902962	537.0821643286573
2.0141422974532266	545.7555110220441
2.2152912560588867	555.8617234468937
2.424856115939931	567.7695390781563
2.6481670998193914	582.0901803607214
2.8632895822553026	598.7174348697395
3.068329961403179	617.4589178356713
3.249496612576459	638.5771543086172
3.4084874073320366	661.7094188376753
3.522977583973729	687.2625250501002
3.5885693759570807	714.8276553106213
3.5971436760240465	743.6973947895791
3.5436178999220362	773.5190380761524
3.4254167747283564	803.5490981963928
3.238618820310049	833.5170340681362
2.9795515756304285	862.2364729458918
2.6768712362274325	888.8316633266533
2.3376631781534964	912.7174348697395
1.9820412413653123	933.4208416833667
1.6180438186120396	951.1342685370741
1.268337248912443	965.5490981963928
0.9547789467103186	976.4028056112224
0.6902420438346144	984.3847695390782
0.4735913543919351	989.9258517034068
0.30576203392706225	993.5931863727454
0.19064574197916906	995.7214428857716
0.10844764781812019	996.9358717434869
0.056128895743571605	997.5751503006012
0.03319739729456348	997.8256513026053
0.01426331706170027	997.941883767535
0.005820555551335708	997.9839679358718
0.0034658227764953076	997.9939879759519
0.0	998.0
0.0	998.0
0.0	998.0
