dD	 D	 
0.0	1.0
0.0	1.0
0.0	1.0
0.0	1.0
0.0	1.0
0.0	1.0
0.0	1.0
0.0	1.0
0.0	1.0
0.0	1.0
0.0	1.0
0.0	1.0
0.0	1.0
0.0	1.0
0.0	1.0
0.0	1.0
0.0	1.0
0.0	1.0
0.0	1.0
0.0	1.0
0.0	1.0
0.0	1.0
0.0	1.0
0.0	1.0
0.0	1.0
0.0	1.0
0.0	1.0
0.0	1.0
0.0	1.0
0.0	1.0
0.0	1.0
0.0	1.0
0.0	1.0
0.0	1.0
0.0	1.0
0.0	1.0
0.0	1.0
0.0	1.0
0.0	1.0
0.0	1.0
0.0	1.0
0.0	1.0
0.0	1.0
0.0	1.0
0.0	1.0
0.0	1.0
0.0	1.0
0.0	1.0
0.0	1.0
0.0	1.0
0.0	1.0
0.0	1.0
0.0	1.0
0.0	1.0
0.0	1.0
0.0	1.0
0.0	1.0
0.0	1.0
0.0	1.0
0.0	1.0
0.0	1.0
0.0	1.0
0.0	1.0
0.0	1.0
0.0	1.0
0.0	1.0
0.0	1.0
0.0	1.0
0.0	1.0
0.0	1.0
0.0	1.0
0.0	1.0
0.0	1.0
0.0	1.0
0.0	1.0
0.0	1.0
0.0	1.0
0.0	1.0
0.0	1.0
0.0	1.0
0.0	1.0
0.0	1.0
0.0	1.0
0.0	1.0
0.0	1.0
0.0	1.0
0.0	1.0
0.0	1.0
0.0	1.0
0.0	1.0
0.0	1.0
0.0	1.0
0.0	1.0
0.0	1.0
0.0	1.0
0.0	1.0
0.0	1.0
0.0	1.0
0.0	1.0
0.0	1.0
0.0	1.0
0.0	1.0
0.0	1.0
0.0	1.0
0.0	1.0
0.0	1.0
0.0	1.0
0.0	1.0
0.0	1.0
0.0	1.0
0.0	1.0
0.0	1.0
0.0	1.0
0.0	1.0
0.0	1.0
0.0	1.0
0.0	1.0
0.0	1.0
0.0	1.0
0.0	1.0
0.0	1.0
0.0	1.0
0.0	1.0
0.0	1.0
0.0	1.0
0.0	1.0
0.0	1.0
0.0	1.0
0.0	1.0
0.0	1.0
0.0	1.0
0.0	1.0
0.0	1.0
0.0	1.0
0.0	1.0
0.0	1.0
0.0	1.0
0.0	1.0
0.0	1.0
0.0	1.0
0.0	1.0
0.0	1.0
0.0	1.0
0.0	1.0
0.0	1.0
0.0	1.0
0.0	1.0
0.0	1.0
0.0	1.0
0.0	1.0
0.0	1.0
0.0	1.0
0.0	1.0
0.0	1.0
0.0	1.0
0.0	1.0
0.0	1.0
0.0	1.0
0.0	1.0
0.0	1.0
0.0	1.0
0.0	1.0
0.0	1.0
0.0	1.0
0.0	1.0
0.0	1.0
0.0	1.0
0.0	1.0
0.0	1.0
0.0	1.0
0.0	1.0
0.0	1.0
0.0	1.0
0.0	1.0
0.0	1.0
0.0	1.0
0.0	1.0
0.0	1.0
0.0014156270581757828	1.002004008016032
0.0019999879357228438	1.0040080160320641
0.0019999879357228438	1.0040080160320641
0.0031527000987689666	1.0100200400801602
0.0034501125948884124	1.0120240480961924
0.0034501125948884124	1.0120240480961924
0.004220743348380929	1.0160320641282565
0.005415869097706949	1.028056112224449
0.0059145134472861505	1.034068136272545
0.007076713835840808	1.0460921843687374
0.008149459226302586	1.062124248496994
0.008464812997997164	1.0681362725450902
0.00969343329757207	1.0801603206412826
0.010622034298906778	1.0981963927855711
0.013022885219757287	1.1382765531062125
0.014113281677023649	1.1663326653306614
0.016035577785334595	1.214428857715431
0.017589789476564487	1.2645290581162325
0.019893460048093097	1.3406813627254508
0.022095506643927315	1.4148296593186374
0.02568130188530521	1.5511022044088176
0.028727017823321387	1.6833667334669338
0.03320794151845215	1.8597194388777556
0.03892067248615104	2.096192384769539
0.044145185632279954	2.3567134268537075
0.04961735349371389	2.653306613226453
0.05555368811991589	3.0460921843687374
0.06470068680144307	3.4929859719438876
0.07289674814849115	4.036072144288577
0.08293973416922869	4.673346693386773
0.09291817468474359	5.452905811623246
0.10641095790782047	6.346693386773547
0.11895087297942666	7.472945891783567
0.1334824622868361	8.74749498997996
0.15122168413786394	10.22244488977956
0.16753548951894418	11.899799599198397
0.1858720100506242	13.839679358717435
0.20335211976638506	15.965931863727455
0.2254813101617813	18.529058116232466
0.2512299465096449	21.46492985971944
0.2759734748593433	24.701402805611224
0.30172680798939533	28.48496993987976
0.3309641826086855	32.64128256513026
0.35501280136638336	37.40480961923848
0.38615824335125537	42.89178356713427
0.407762543446166	48.88977955911824
0.4395423621271887	55.454909819639276
0.47032391265117707	62.791583166332664
0.4970838389307992	70.82364729458918
0.5256033833630529	79.84168336673346
0.5441655611324274	89.33667334669339
0.5653323832665005	99.64128256513025
0.5865523027422328	110.92785571142285
0.6058072676851554	123.07815631262525
0.617899539164182	136.34068136272546
0.6336095930275613	150.33667334669337
0.6368666317963964	165.2565130260521
0.6466291933367394	181.5551102204409
0.640637413881021	198.46492985971943
0.6377671675860711	216.02004008016033
0.6280260203595375	235.124248496994
0.614423346823892	255.0501002004008
0.6077236669326451	275.6653306613226
0.594947674752185	297.2044088176353
0.575753482999604	319.1122244488978
0.5544981569651418	341.58917835671343
0.5306410072407608	364.55310621242484
0.5204792863390313	388.6933867735471
0.5142651420327585	412.69939879759517
0.4984480750115284	436.9819639278557
0.48885574743819676	461.88577154308615
0.48846626337964144	486.64729458917833
0.4865087276267128	511.5811623246493
0.4907225611432337	536.1402805611223
0.5118321436660621	560.7414829659318
0.5231051332225384	585.0921843687374
0.5382819578485402	609.0661322645291
0.5573627418499814	633.0120240480962
0.5794040147004776	656.0921843687374
0.5956398596894693	679.2024048096192
0.6115032042189842	701.2004008016032
0.6308502004218635	722.4008016032064
0.6423963743944807	742.9559118236473
0.6553658979099952	762.5731462925852
0.6606265868743736	781.563126252505
0.6616239141462054	799.4769539078156
0.6597943063565423	816.7294589178357
0.6546410299073312	832.7515030060121
0.64375337259142	847.8336673346694
0.6281707466098077	862.2765531062124
0.6140234814179057	875.442885771543
0.596097390913757	887.7635270541082
0.5756876263348928	899.0781563126252
0.5532593685341859	909.5270541082165
0.5300722878156431	919.3527054108216
0.5052609726481868	928.1162324649299
0.4785337576814345	936.0501002004008
0.44636701011405894	943.5130260521042
0.41613946659099327	950.0440881763527
0.3846744965551733	956.1042084168337
0.3592876363237736	961.561122244489
0.32982324311668304	966.3186372745491
0.30709578962369727	970.5230460921844
0.27820525665448614	974.3306613226453
0.2538865441074271	977.6573146292585
0.232478120126341	980.6773547094189
0.2099118038349787	983.2885771543087
0.18763019040304948	985.4669338677355
0.16922097693378338	987.3807615230461
0.1527129720835906	989.0440881763527
0.1353833821548622	990.4909819639279
0.11928633088288873	991.7474949899799
0.10582580168466664	992.8396793587175
0.09355194732071885	993.7695390781563
0.0836776897813828	994.4609218436874
0.0733822125477324	995.1122244488978
0.06411887458931653	995.6573146292585
0.055918438219892105	996.0981963927856
0.04991040390394071	996.4509018036072
0.04343682678935208	996.7374749498998
0.03823382563023843	997.0040080160321
0.03321963320813287	997.2344689378757
0.029020666686311005	997.4068136272546
0.02653207993752635	997.5190380761524
0.02340410098715181	997.5891783567134
0.02162675868661721	997.6472945891784
0.018845440958037665	997.7094188376753
0.017219275975521545	997.7575150300602
0.01552038677909887	997.7995991983968
0.013230577839303816	997.8396793587175
0.011111766169970389	997.8857715430862
0.01027463590031955	997.9058116232464
0.008480723645100474	997.9338677354709
0.007584222624095417	997.9478957915832
0.0065116743571821765	997.9579158316633
0.0054050845775241285	997.9699398797595
0.004849414284189998	997.9759519038076
0.004647725147954399	997.9779559118236
0.00421263157366574	997.9819639278558
0.00372276613949836	997.9859719438878
0.002447009465775008	997.9939879759519
0.002447009465775008	997.9939879759519
0.002447009465775008	997.9939879759519
0.001999987935722843	997.9959919839679
0.0	998.0
0.0	998.0
0.0	998.0
0.0	998.0
0.0	998.0
0.0	998.0
0.0	998.0
0.0	998.0
0.0	998.0
0.0	998.0
0.0	998.0
0.0	998.0
0.0	998.0
0.0	998.0
0.0	998.0
0.0	998.0
0.0	998.0
0.0	998.0
0.0	998.0
0.0	998.0
0.0	998.0
0.0	998.0
0.0	998.0
0.0	998.0
0.0	998.0
0.0	998.0
0.0	998.0
0.0	998.0
0.0	998.0
0.0	998.0
0.0	998.0
0.0	998.0
0.0	998.0
0.0	998.0
0.0	998.0
0.0	998.0
0.0	998.0
0.0	998.0
0.0	998.0
0.0	998.0
0.0	998.0
0.0	998.0
0.0	998.0
0.0	998.0
0.0	998.0
0.0	998.0
0.0	998.0
0.0	998.0
0.0	998.0
0.0	998.0
0.0	998.0
0.0	998.0
0.0	998.0
0.0	998.0
0.0	998.0
0.0	998.0
0.0	998.0
0.0	998.0
0.0	998.0
0.0	998.0
0.0	998.0
0.0	998.0
0.0	998.0
0.0	998.0
0.0	998.0
0.0	998.0
0.0	998.0
0.0	998.0
0.0	998.0
0.0	998.0
0.0	998.0
0.0	998.0
0.0	998.0
0.0	998.0
0.0	998.0
0.0	998.0
0.0	998.0
0.0	998.0
0.0	998.0
0.0	998.0
0.0	998.0
0.0	998.0
0.0	998.0
0.0	998.0
0.0	998.0
0.0	998.0
0.0	998.0
0.0	998.0
0.0	998.0
0.0	998.0
0.0	998.0
0.0	998.0
0.0	998.0
0.0	998.0
0.0	998.0
0.0	998.0
0.0	998.0
0.0	998.0
0.0	998.0
0.0	998.0
0.0	998.0
0.0	998.0
0.0	998.0
0.0	998.0
0.0	998.0
0.0	998.0
0.0	998.0
0.0	998.0
0.0	998.0
0.0	998.0
0.0	998.0
0.0	998.0
0.0	998.0
0.0	998.0
0.0	998.0
0.0	998.0
0.0	998.0
0.0	998.0
0.0	998.0
0.0	998.0
0.0	998.0
0.0	998.0
0.0	998.0
0.0	998.0
0.0	998.0
0.0	998.0
0.0	998.0
0.0	998.0
0.0	998.0
0.0	998.0
0.0	998.0
0.0	998.0
0.0	998.0
0.0	998.0
0.0	998.0
0.0	998.0
0.0	998.0
0.0	998.0
0.0	998.0
0.0	998.0
0.0	998.0
0.0	998.0
0.0	998.0
0.0	998.0
0.0	998.0
0.0	998.0
0.0	998.0
0.0	998.0
0.0	998.0
0.0	998.0
0.0	998.0
0.0	998.0
0.0	998.0
0.0	998.0
0.0	998.0
0.0	998.0
0.0	998.0
0.0	998.0
0.0	998.0
0.0	998.0
0.0	998.0
0.0	998.0
0.0	998.0
0.0	998.0
0.0	998.0
0.0	998.0
0.0	998.0
0.0	998.0
0.0	998.0
0.0	998.0
0.0	998.0
0.0	998.0
0.0	998.0
0.0	998.0
0.0	998.0
0.0	998.0
0.0	998.0
0.0	998.0
