dD	 D	 
0.0	1.0
0.0	1.0
0.0	1.0
0.0	1.0
0.0	1.0
0.0	1.0
0.0	1.0
0.0	1.0
0.0	1.0
0.0	1.0
0.0	1.0
0.0	1.0
0.0	1.0
0.0	1.0
0.0	1.0
0.0	1.0
0.0	1.0
0.0	1.0
0.0	1.0
0.0	1.0
0.0	1.0
0.0	1.0
0.0	1.0
0.0	1.0
0.0	1.0
0.0	1.0
0.0	1.0
0.0	1.0
0.0	1.0
0.0	1.0
0.0	1.0
0.0	1.0
0.0	1.0
0.0	1.0
0.0	1.0
0.0	1.0
0.0	1.0
0.0	1.0
0.0	1.0
0.0	1.0
0.0	1.0
0.0	1.0
0.0	1.0
0.0	1.0
0.0	1.0
0.0	1.0
0.0	1.0
0.0	1.0
0.0	1.0
0.0	1.0
0.0	1.0
0.0	1.0
0.0	1.0
0.0	1.0
0.0	1.0
0.0	1.0
0.0	1.0
0.0	1.0
0.0	1.0
0.0	1.0
0.0	1.0
0.0	1.0
0.0	1.0
0.0	1.0
0.0	1.0
0.0	1.0
0.0	1.0
0.0	1.0
0.0	1.0
0.0	1.0
0.0	1.0
0.0	1.0
0.0	1.0
0.0	1.0
0.0	1.0
0.0	1.0
0.0	1.0
0.0	1.0
0.0	1.0
0.0	1.0
0.0	1.0
0.0	1.0
0.0	1.0
0.0	1.0
0.0	1.0
0.0	1.0
0.0	1.0
0.0	1.0
0.0	1.0
0.0	1.0
0.0	1.0
0.0	1.0
0.0	1.0
0.0	1.0
0.0	1.0
0.0	1.0
0.0	1.0
0.0	1.0
0.0	1.0
0.0	1.0
0.0	1.0
0.0	1.0
0.0	1.0
0.0	1.0
0.0	1.0
0.0	1.0
0.0	1.0
0.0	1.0
0.0	1.0
0.0	1.0
0.0	1.0
0.0	1.0
0.0	1.0
0.0	1.0
0.0	1.0
0.0	1.0
0.0	1.0
0.0	1.0
0.0	1.0
0.0	1.0
0.0	1.0
0.0	1.0
0.0	1.0
0.0	1.0
0.0	1.0
0.0	1.0
0.0	1.0
0.0	1.0
0.0	1.0
0.0	1.0
0.0	1.0
0.0	1.0
0.0	1.0
0.0	1.0
0.0	1.0
0.0	1.0
0.0	1.0
0.0	1.0
0.0	1.0
0.0	1.0
0.0	1.0
0.0	1.0
0.0	1.0
0.0	1.0
0.0	1.0
0.0	1.0
0.0	1.0
0.0	1.0
0.0	1.0
0.0	1.0
0.0	1.0
0.0	1.0
0.0	1.0
0.0	1.0
0.001415627058175783	1.002004008016032
0.001415627058175783	1.002004008016032
0.001415627058175783	1.002004008016032
0.001415627058175783	1.002004008016032
0.003152700098768967	1.0100200400801602
0.003975757833261663	1.0160320641282565
0.005052211690325968	1.0240480961923848
0.005753802258729448	1.032064128256513
0.006813072072296365	1.0420841683366733
0.008743786708398728	1.062124248496994
0.011028705064395294	1.094188376753507
0.012657462100535312	1.1202404809619237
0.015383925143748525	1.1683366733466933
0.018565991561482045	1.2424849699398797
0.022179034207349988	1.3166332665330662
0.02681480148765335	1.4268537074148298
0.03289381465985316	1.5991983967935872
0.0430988957348531	1.87374749498998
0.05220863686676455	2.152304609218437
0.06576269864448613	2.5070140280561124
0.08052182831820405	3.012024048096192
0.0988598727774128	3.6653306613226455
0.12187602085898237	4.466933867735471
0.1504791022531654	5.50501002004008
0.18072581230934603	6.741482965931864
0.2168521737715172	8.270541082164328
0.26037745196215295	10.220440881763528
0.3108367906172606	12.509018036072144
0.3680200215152588	15.43687374749499
0.42890796469670717	18.915831663326653
0.5017059965243377	23.054108216432866
0.5836303259572521	27.85571142284569
0.6658924017733266	33.324649298597194
0.7596654110453653	39.793587174348694
0.8593218260370707	47.2625250501002
0.9672646492476046	56.08817635270541
1.0786477261085186	65.54308617234469
1.1934796945729416	76.07815631262525
1.2998183773384862	87.312625250501
1.4122069789233913	99.97194388777555
1.5185711083172988	113.59118236472946
1.6168642696005968	128.43687374749499
1.7184395860414157	144.24048096192385
1.8040361465301293	160.78356713426854
1.8779972780566008	177.83366733466934
1.9366227973108596	195.62124248496994
1.9787315823092073	214.2264529058116
2.0034297521930777	232.92184368737475
2.0160985503853834	251.6432865731463
2.014885692397073	270.18036072144287
1.9944411193487555	288.67735470941886
1.9465269341415503	306.93987975951904
1.896881727623886	324.7134268537074
1.8294475225220719	341.7855711422846
1.744815506202691	358.01402805611224
1.644193765950121	373.687374749499
1.5440251711947757	388.4829659318637
1.4360719202843122	401.9799599198397
1.326717404104852	414.32064128256513
1.2153459365549315	425.7054108216433
1.1096736234804747	435.96793587174346
1.000974258117809	445.0180360721443
0.894225462505817	453.30060120240483
0.7971682271969587	460.54108216432866
0.7005536173961519	466.95791583166334
0.6143890827500651	472.42284569138275
0.5328295707747392	477.0561122244489
0.4583841362733377	481.06012024048096
0.39587329114455716	484.3446893787575
0.335796658956457	487.1823647294589
0.2838510849333104	489.49498997995994
0.2390712802882603	491.44689378757516
0.19759450732555342	493.1202404809619
0.16457638809117095	494.3887775551102
0.1324056847616789	495.4829659318637
0.10979743297754782	496.2585170340681
0.09081210344834766	496.90981963927857
0.07346981798220745	497.4428857715431
0.0627400564537299	497.811623246493
0.05302152373310664	498.1182364729459
0.04701788573490292	498.35270541082167
0.042196992359597084	498.5450901803607
0.03863738061594986	498.6693386773547
0.03720084436090603	498.751503006012
0.03556105123935189	498.81963927855713
0.03439868350378829	498.8677354709419
0.03335695995327077	498.91182364729457
0.033071699498947706	498.9318637274549
0.032713240489255356	498.9539078156313
0.0323652358127278	498.9739478957916
0.03209034735106928	498.9819639278557
0.032029722385094585	498.98597194388776
0.031842605891995876	498.9899799599198
0.03190661347843776	498.9939879759519
0.03181238802654636	498.99599198396794
0.03184412235098769	498.99799599198394
0.03178100187496223	499.00200400801606
0.031717248292963	499.0060120240481
0.03174844397238041	499.0080160320641
0.03177948240397647	499.0100200400802
0.03181036404804698	499.0120240480962
0.032025199158336556	499.02204408817636
0.03226455524972383	499.03406813627254
0.03261196849250585	499.05210420841684
0.03345748039054642	499.0841683366734
0.03391417453740955	499.1022044088176
0.03469008476045529	499.12424849699397
0.036077108228743826	499.17234468937875
0.038173100990951815	499.24649298597194
0.04119726855773559	499.3547094188377
0.04566167901419217	499.4709418837675
0.05121058184450742	499.65330661322645
0.058963194091390024	499.90380761523045
0.06896410116122186	500.17034068136275
0.08055740281853294	500.58917835671343
0.09485689792796691	501.1102204408818
0.11302754600727422	501.6933867735471
0.13473380233559254	502.4709418837675
0.16326040587499765	503.5070140280561
0.19602863704045634	504.7234468937876
0.23924093919117703	506.32665330661325
0.28372087672373164	508.27254509018036
0.3374802866227464	510.80961923847696
0.39486485249862097	513.5911823647294
0.4593719286486023	517.0260521042084
0.5396699186848337	521.2104208416833
0.6221404559042467	525.9559118236473
0.7176204140933203	531.5911823647294
0.8176963801074476	537.8196392785571
0.9113031402576681	545.0340681362726
1.0200795376617833	553.3066132264529
1.126600855818047	562.5430861723447
1.230304931982497	572.5991983967936
1.3418463389559407	583.875751503006
1.4497534666547194	596.2184368737475
1.5606615927717797	610.0480961923847
1.663355292805681	624.4488977955912
1.7535865035881226	640.1743486973947
1.829912515591709	656.2885771543087
1.89954949477647	673.4108216432866
1.9583630437995065	691.4669338677355
2.0012831483499314	709.7755511022044
2.0256761636499925	728.3366733466934
2.0312225027709867	746.9899799599199
2.0180027959001534	766.0420841683367
1.9955615379583205	784.8016032064128
1.9485884480959577	803.3607214428857
1.8791446794728468	821.2144288577155
1.8111427063607919	838.4028056112224
1.723462532955201	854.9519038076153
1.6254137716504793	870.7775551102204
1.5234222107402782	885.6492985971944
1.4165205798023657	899.4048096192384
1.304020189995297	912.128256513026
1.1886234727419804	923.6773547094189
1.081091962424761	934.1362725450902
0.9693076668147729	943.6693386773547
0.8648321238151041	951.9879759519038
0.7612334445240155	959.4729458917835
0.6653301472199001	965.7575150300602
0.576519130658637	971.3607214428857
0.49547439213855465	976.1102204408818
0.4243531715664979	980.2685370741483
0.3584518847726148	983.7174348697395
0.3014031882570546	986.6032064128257
0.2520074222326271	989.0060120240481
0.21085581777343534	990.9258517034068
0.17396814234349744	992.4609218436874
0.1425630866452911	993.7014028056112
0.11259029902757205	994.7995991983968
0.08942883873200808	995.5771543086172
0.0709006142431099	996.1823647294589
0.057187966933375085	996.6793587174349
0.04567573335066996	997.0080160320641
0.03804152456505348	997.2505010020041
0.03005971863298536	997.4609218436874
0.024649182686589704	997.6112224448898
0.019810553800803474	997.7114228456913
0.016770093728999874	997.7855711422845
0.013892722261757548	997.8456913827655
0.01131115018151063	997.8877755511022
0.009426990142783654	997.9258517034068
0.0077415028584957215	997.9519038076153
0.006688187699505847	997.9619238476954
0.004212631573665739	997.9819639278558
0.003975757833261663	997.9839679358718
0.0028227133604930795	997.9919839679359
0.001999987935722843	997.9959919839679
0.001415627058175783	997.997995991984
0.0	998.0
0.0	998.0
0.0	998.0
0.0	998.0
0.0	998.0
0.0	998.0
0.0	998.0
0.0	998.0
0.0	998.0
0.0	998.0
0.0	998.0
0.0	998.0
0.0	998.0
0.0	998.0
0.0	998.0
0.0	998.0
0.0	998.0
0.0	998.0
0.0	998.0
0.0	998.0
0.0	998.0
0.0	998.0
0.0	998.0
0.0	998.0
0.0	998.0
0.0	998.0
0.0	998.0
0.0	998.0
0.0	998.0
0.0	998.0
0.0	998.0
0.0	998.0
0.0	998.0
0.0	998.0
0.0	998.0
0.0	998.0
0.0	998.0
0.0	998.0
0.0	998.0
0.0	998.0
0.0	998.0
0.0	998.0
0.0	998.0
0.0	998.0
0.0	998.0
0.0	998.0
0.0	998.0
0.0	998.0
0.0	998.0
0.0	998.0
0.0	998.0
0.0	998.0
0.0	998.0
0.0	998.0
0.0	998.0
0.0	998.0
0.0	998.0
0.0	998.0
0.0	998.0
0.0	998.0
0.0	998.0
0.0	998.0
0.0	998.0
0.0	998.0
0.0	998.0
0.0	998.0
0.0	998.0
0.0	998.0
0.0	998.0
0.0	998.0
0.0	998.0
0.0	998.0
0.0	998.0
0.0	998.0
0.0	998.0
0.0	998.0
0.0	998.0
0.0	998.0
0.0	998.0
0.0	998.0
0.0	998.0
0.0	998.0
0.0	998.0
0.0	998.0
0.0	998.0
0.0	998.0
0.0	998.0
0.0	998.0
0.0	998.0
0.0	998.0
0.0	998.0
0.0	998.0
0.0	998.0
0.0	998.0
0.0	998.0
0.0	998.0
0.0	998.0
0.0	998.0
0.0	998.0
0.0	998.0
0.0	998.0
0.0	998.0
0.0	998.0
0.0	998.0
0.0	998.0
0.0	998.0
0.0	998.0
0.0	998.0
0.0	998.0
0.0	998.0
0.0	998.0
0.0	998.0
0.0	998.0
0.0	998.0
0.0	998.0
0.0	998.0
0.0	998.0
0.0	998.0
0.0	998.0
0.0	998.0
0.0	998.0
0.0	998.0
0.0	998.0
0.0	998.0
0.0	998.0
0.0	998.0
0.0	998.0
0.0	998.0
0.0	998.0
0.0	998.0
0.0	998.0
0.0	998.0
0.0	998.0
0.0	998.0
0.0	998.0
0.0	998.0
0.0	998.0
0.0	998.0
0.0	998.0
0.0	998.0
0.0	998.0
0.0	998.0
0.0	998.0
0.0	998.0
0.0	998.0
0.0	998.0
0.0	998.0
0.0	998.0
0.0	998.0
0.0	998.0
0.0	998.0
0.0	998.0
0.0	998.0
0.0	998.0
0.0	998.0
0.0	998.0
0.0	998.0
