dD	 D	 
0.0	1.0
0.0	1.0
0.0	1.0
0.0	1.0
0.0	1.0
0.0	1.0
0.0	1.0
0.0	1.0
0.0	1.0
0.0	1.0
0.0	1.0
0.0	1.0
0.0	1.0
0.0	1.0
0.0	1.0
0.0	1.0
0.0	1.0
0.0	1.0
0.0	1.0
0.0	1.0
0.0	1.0
0.0	1.0
0.0	1.0
0.0	1.0
0.0	1.0
0.0	1.0
0.0	1.0
0.0	1.0
0.0	1.0
0.0	1.0
0.0	1.0
0.0	1.0
0.0	1.0
0.0	1.0
0.0	1.0
0.0	1.0
0.0	1.0
0.0	1.0
0.0	1.0
0.0	1.0
0.0	1.0
0.0	1.0
0.0	1.0
0.0	1.0
0.0	1.0
0.0	1.0
0.0	1.0
0.0	1.0
0.0	1.0
0.0	1.0
0.0	1.0
0.0	1.0
0.0	1.0
0.0	1.0
0.0	1.0
0.0	1.0
0.0	1.0
0.0	1.0
0.0	1.0
0.0	1.0
0.0	1.0
0.0	1.0
0.0	1.0
0.0	1.0
0.0	1.0
0.0	1.0
0.0	1.0
0.0	1.0
0.0	1.0
0.0	1.0
0.0	1.0
0.0	1.0
0.0	1.0
0.0	1.0
0.0	1.0
0.0	1.0
0.0	1.0
0.0	1.0
0.0	1.0
0.0	1.0
0.0	1.0
0.0	1.0
0.0	1.0
0.0	1.0
0.0	1.0
0.0	1.0
0.0	1.0
0.0	1.0
0.0	1.0
0.0	1.0
0.0	1.0
0.0	1.0
0.0	1.0
0.0	1.0
0.0	1.0
0.0	1.0
0.0	1.0
0.0	1.0
0.0	1.0
0.0	1.0
0.0	1.0
0.0	1.0
0.0	1.0
0.0	1.0
0.0	1.0
0.0	1.0
0.0	1.0
0.0	1.0
0.0	1.0
0.0	1.0
0.0	1.0
0.0	1.0
0.0	1.0
0.0	1.0
0.0	1.0
0.0	1.0
0.0	1.0
0.0	1.0
0.0	1.0
0.0	1.0
0.0	1.0
0.0	1.0
0.0	1.0
0.0	1.0
0.0	1.0
0.0	1.0
0.0	1.0
0.0	1.0
0.0	1.0
0.0	1.0
0.0	1.0
0.0	1.0
0.0	1.0
0.0	1.0
0.0	1.0
0.0	1.0
0.0	1.0
0.0	1.0
0.0	1.0
0.0	1.0
0.0	1.0
0.0	1.0
0.0	1.0
0.0	1.0
0.0	1.0
0.0	1.0
0.0	1.0
0.0	1.0
0.0	1.0
0.0	1.0
0.0	1.0
0.0	1.0
0.0	1.0
0.0	1.0
0.0	1.0
0.0	1.0
0.0	1.0
0.0	1.0
0.0	1.0
0.0	1.0
0.0	1.0
0.0	1.0
0.0	1.0
0.0	1.0
0.0	1.0
0.0	1.0
0.0	1.0
0.0	1.0
0.0	1.0
0.0	1.0
0.0	1.0
0.0	1.0
0.0	1.0
0.0	1.0
0.0	1.0
0.0	1.0
0.0	1.0
0.0	1.0
0.0	1.0
0.0	1.0
0.0	1.0
0.001415627058175783	1.002004008016032
0.001415627058175783	1.002004008016032
0.001415627058175783	1.002004008016032
0.0019999879357228438	1.0040080160320641
0.0024470094657750084	1.006012024048096
0.002822713360493081	1.0080160320641283
0.0031527000987689666	1.0100200400801602
0.003450112594888412	1.0120240480961924
0.003975757833261663	1.0160320641282565
0.005227199443233126	1.028056112224449
0.0059145134472861505	1.034068136272545
0.006368584365381604	1.0400801603206413
0.0065116743571821765	1.0420841683366733
0.006919734252349226	1.0480961923847696
0.007899217527885123	1.062124248496994
0.009195123044296209	1.0761523046092185
0.010217491416915171	1.1002004008016033
0.011580980367886204	1.128256513026052
0.013257164358113907	1.1643286573146292
0.014912802660063713	1.220440881763527
0.016636626609857364	1.276553106212425
0.019033478278837727	1.370741482965932
0.02196508603000456	1.468937875751503
0.024918550493755205	1.6052104208416833
0.02800478895263063	1.7655310621242486
0.03188194727429506	1.9599198396793587
0.036244034365828855	2.218436873747495
0.042097935392723204	2.6112224448897794
0.04761022176628751	3.0180360721442887
0.05414360558037669	3.541082164328657
0.06139690771410598	4.11623246492986
0.06989288598967548	4.949899799599199
0.07943999369032986	5.949899799599199
0.08783705119668808	7.11623246492986
0.09843552774079398	8.40681362725451
0.10963574157726656	9.993987975951903
0.12165099389943444	11.809619238476953
0.1337247148120931	13.965931863727455
0.14674255701728237	16.51302605210421
0.16013977944889926	19.53507014028056
0.17490178087960898	22.939879759519037
0.192506112143239	26.88376753507014
0.21085787889882013	31.488977955911825
0.22872119483706274	36.62324649298597
0.2501914867288562	42.54308617234469
0.27247858841725164	49.01002004008016
0.29264384414710026	56.67134268537074
0.3141670350850019	65.11623246492987
0.3327608976700347	74.37274549098197
0.3504591514343943	84.77354709418837
0.36927074356441797	96.00400801603206
0.3834701877501498	108.36673346693387
0.4011719928245976	122.0120240480962
0.4168283238325372	136.58917835671343
0.42527825795337776	152.5250501002004
0.43718546952525317	169.749498997996
0.4452631831716788	188.52104208416833
0.44720269140531405	207.87775551102203
0.4545825974855701	228.87174348697394
0.46778378972992507	250.9178356713427
0.47411383438884086	273.9519038076152
0.47955120095095566	297.95991983967934
0.4798324520747981	322.9058116232465
0.48228984186725227	348.86573146292585
0.486545839872614	375.44889779559117
0.4896213347864686	402.5490981963928
0.48356619549765206	429.9879759519038
0.48147875419120056	457.8877755511022
0.4892547955839713	485.29058116232466
0.4954979363988706	513.2024048096192
0.5003754460583262	540.8777555110221
0.5015041198523073	568.7535070140281
0.5005384420113138	596.3587174348697
0.4887520215816668	623.1002004008016
0.48572707093866296	649.1342685370741
0.4910688831860704	674.7014028056112
0.4861548611567534	699.6773547094189
0.4821623328141369	723.563126252505
0.47441517631771357	746.2184368737475
0.47439548866472725	768.3667334669339
0.468574986650987	789.0941883767536
0.45703467622747007	808.8657314629259
0.44407235980063736	827.6152304609218
0.4372325160606256	844.8396793587175
0.4258359956441749	860.9819639278558
0.41129572380192686	875.7635270541082
0.39799809969589145	889.3266533066133
0.38085033076438646	901.9318637274549
0.36247239597422526	913.2625250501002
0.3362070965227447	923.563126252505
0.3123242302030144	933.058116232465
0.2935605856724899	941.5070140280561
0.2725963121280112	949.2104208416833
0.25744805726465647	955.7915831663327
0.23886132418792375	961.8937875751503
0.219747103868941	967.1903807615231
0.20134387996663564	971.7535070140281
0.1829721931407212	975.8296593186373
0.16712418140292387	979.3306613226453
0.15218217622594102	982.3967935871743
0.1353780615063111	985.0040080160321
0.11982844800083654	987.2064128256513
0.10837285273125162	989.0160320641282
0.09700739019576808	990.6212424849699
0.08551204693964042	991.9298597194389
0.07804512286782958	992.9639278557114
0.07064611376278968	993.9158316633267
0.06357017018662306	994.7014028056112
0.05771776235368386	995.3927855711423
0.05104683563220612	995.9318637274549
0.04446829049819776	996.3386773547094
0.03971539956539258	996.6432865731463
0.033565613230773124	996.937875751503
0.029436587521131218	997.1643286573146
0.02569853240390962	997.3667334669339
0.022969704326221987	997.498997995992
0.02100777636058371	997.5891783567134
0.01747168849068653	997.7134268537075
0.01525297114651628	997.7755511022044
0.012872928435179147	997.8356713426854
0.010700731788667235	997.8817635270541
0.009480410926151976	997.9078156312626
0.008345360089708613	997.9318637274549
0.007049366316738571	997.9498997995992
0.00557657747802357	997.9679358717435
0.0050422455866253	997.9739478957916
0.004435970131719506	997.9799599198396
0.003975757833261663	997.9839679358718
0.003450112594888413	997.9879759519038
0.003450112594888413	997.9879759519038
0.003152700098768967	997.9899799599199
0.003152700098768967	997.9899799599199
0.0014156270581757832	997.997995991984
0.0	998.0
0.0	998.0
0.0	998.0
0.0	998.0
0.0	998.0
0.0	998.0
0.0	998.0
0.0	998.0
0.0	998.0
0.0	998.0
0.0	998.0
0.0	998.0
0.0	998.0
0.0	998.0
0.0	998.0
0.0	998.0
0.0	998.0
0.0	998.0
0.0	998.0
0.0	998.0
0.0	998.0
0.0	998.0
0.0	998.0
0.0	998.0
0.0	998.0
0.0	998.0
0.0	998.0
0.0	998.0
0.0	998.0
0.0	998.0
0.0	998.0
0.0	998.0
0.0	998.0
0.0	998.0
0.0	998.0
0.0	998.0
0.0	998.0
0.0	998.0
0.0	998.0
0.0	998.0
0.0	998.0
0.0	998.0
0.0	998.0
0.0	998.0
0.0	998.0
0.0	998.0
0.0	998.0
0.0	998.0
0.0	998.0
0.0	998.0
0.0	998.0
0.0	998.0
0.0	998.0
0.0	998.0
0.0	998.0
0.0	998.0
0.0	998.0
0.0	998.0
0.0	998.0
0.0	998.0
0.0	998.0
0.0	998.0
0.0	998.0
0.0	998.0
0.0	998.0
0.0	998.0
0.0	998.0
0.0	998.0
0.0	998.0
0.0	998.0
0.0	998.0
0.0	998.0
0.0	998.0
0.0	998.0
0.0	998.0
0.0	998.0
0.0	998.0
0.0	998.0
0.0	998.0
0.0	998.0
0.0	998.0
0.0	998.0
0.0	998.0
0.0	998.0
0.0	998.0
0.0	998.0
0.0	998.0
0.0	998.0
0.0	998.0
0.0	998.0
0.0	998.0
0.0	998.0
0.0	998.0
0.0	998.0
0.0	998.0
0.0	998.0
0.0	998.0
0.0	998.0
0.0	998.0
0.0	998.0
0.0	998.0
0.0	998.0
0.0	998.0
0.0	998.0
0.0	998.0
0.0	998.0
0.0	998.0
0.0	998.0
0.0	998.0
0.0	998.0
0.0	998.0
0.0	998.0
0.0	998.0
0.0	998.0
0.0	998.0
0.0	998.0
0.0	998.0
0.0	998.0
0.0	998.0
0.0	998.0
0.0	998.0
0.0	998.0
0.0	998.0
0.0	998.0
0.0	998.0
0.0	998.0
0.0	998.0
0.0	998.0
0.0	998.0
0.0	998.0
0.0	998.0
0.0	998.0
0.0	998.0
0.0	998.0
0.0	998.0
0.0	998.0
0.0	998.0
0.0	998.0
0.0	998.0
0.0	998.0
0.0	998.0
0.0	998.0
0.0	998.0
0.0	998.0
0.0	998.0
0.0	998.0
0.0	998.0
0.0	998.0
0.0	998.0
0.0	998.0
0.0	998.0
0.0	998.0
0.0	998.0
0.0	998.0
0.0	998.0
0.0	998.0
0.0	998.0
0.0	998.0
0.0	998.0
0.0	998.0
0.0	998.0
0.0	998.0
0.0	998.0
0.0	998.0
0.0	998.0
0.0	998.0
0.0	998.0
0.0	998.0
0.0	998.0
0.0	998.0
0.0	998.0
0.0	998.0
0.0	998.0
0.0	998.0
0.0	998.0
0.0	998.0
0.0	998.0
0.0	998.0
0.0	998.0
0.0	998.0
0.0	998.0
0.0	998.0
0.0	998.0
0.0	998.0
0.0	998.0
0.0	998.0
