dD	 D	 
0.0	1.0
0.0	1.0
0.0	1.0
0.0	1.0
0.0	1.0
0.0	1.0
0.0	1.0
0.0	1.0
0.0	1.0
0.0	1.0
0.0	1.0
0.0	1.0
0.0	1.0
0.0	1.0
0.0	1.0
0.0	1.0
0.0	1.0
0.0	1.0
0.0	1.0
0.0	1.0
0.0	1.0
0.0	1.0
0.0	1.0
0.0	1.0
0.0	1.0
0.0	1.0
0.0	1.0
0.0	1.0
0.0	1.0
0.0	1.0
0.0	1.0
0.0	1.0
0.0	1.0
0.0	1.0
0.0	1.0
0.0	1.0
0.0	1.0
0.0	1.0
0.0	1.0
0.0	1.0
0.0	1.0
0.0	1.0
0.0	1.0
0.0	1.0
0.0	1.0
0.0	1.0
0.0	1.0
0.0	1.0
0.0	1.0
0.0	1.0
0.0	1.0
0.0	1.0
0.0	1.0
0.0	1.0
0.0	1.0
0.0	1.0
0.0	1.0
0.0	1.0
0.0	1.0
0.0	1.0
0.0	1.0
0.0	1.0
0.0	1.0
0.0	1.0
0.0	1.0
0.0	1.0
0.0	1.0
0.0	1.0
0.0	1.0
0.0	1.0
0.0	1.0
0.0	1.0
0.0	1.0
0.0	1.0
0.0	1.0
0.0	1.0
0.0	1.0
0.0	1.0
0.0	1.0
0.0	1.0
0.0	1.0
0.0	1.0
0.0	1.0
0.0	1.0
0.0	1.0
0.0	1.0
0.0	1.0
0.0	1.0
0.0	1.0
0.0	1.0
0.0	1.0
0.0	1.0
0.0	1.0
0.0	1.0
0.0	1.0
0.0	1.0
0.0	1.0
0.0	1.0
0.0	1.0
0.0	1.0
0.0	1.0
0.0	1.0
0.0	1.0
0.0	1.0
0.0	1.0
0.0	1.0
0.0	1.0
0.0	1.0
0.0	1.0
0.0	1.0
0.0	1.0
0.0	1.0
0.0	1.0
0.0	1.0
0.0	1.0
0.0	1.0
0.0	1.0
0.0	1.0
0.0	1.0
0.0	1.0
0.0	1.0
0.0	1.0
0.0	1.0
0.0	1.0
0.0	1.0
0.0	1.0
0.0	1.0
0.0	1.0
0.0	1.0
0.0	1.0
0.0	1.0
0.0	1.0
0.0	1.0
0.0	1.0
0.0	1.0
0.0	1.0
0.0	1.0
0.0	1.0
0.0	1.0
0.0	1.0
0.0	1.0
0.0	1.0
0.0	1.0
0.0	1.0
0.0	1.0
0.0	1.0
0.0	1.0
0.0	1.0
0.0	1.0
0.0	1.0
0.0	1.0
0.0	1.0
0.0	1.0
0.0	1.0
0.0	1.0
0.0	1.0
0.0	1.0
0.0	1.0
0.0	1.0
0.0	1.0
0.0	1.0
0.0	1.0
0.0	1.0
0.0	1.0
0.0	1.0
0.0	1.0
0.0	1.0
0.0	1.0
0.0	1.0
0.0	1.0
0.0	1.0
0.0	1.0
0.0	1.0
0.0	1.0
0.0	1.0
0.0	1.0
0.0	1.0
0.0	1.0
0.0	1.0
0.0	1.0
0.0	1.0
0.0	1.0
0.0	1.0
0.001415627058175783	1.002004008016032
0.001415627058175783	1.002004008016032
0.001415627058175783	1.002004008016032
0.0024470094657750084	1.006012024048096
0.002822713360493081	1.0080160320641283
0.003152700098768967	1.0100200400801602
0.0037227661394983597	1.0140280561122244
0.004435970131719506	1.0200400801603207
0.004849414284189999	1.0240480961923848
0.005405084577524126	1.0300601202404809
0.006905471845095594	1.0501002004008015
0.008514819047682979	1.0761523046092185
0.009086827411689601	1.088176352705411
0.010956772587914752	1.1202404809619237
0.012792180302510905	1.1583166332665331
0.014708618779735795	1.2064128256513027
0.01604360611190819	1.25250501002004
0.019065587341400222	1.346693386773547
0.021344603277505824	1.4388777555110221
0.024854275329099063	1.565130260521042
0.02875103159991855	1.7575150300601203
0.032762285209856544	1.9458917835671343
0.036269728200084284	2.1543086172344688
0.04089304824600747	2.4228456913827654
0.04657559124827772	2.7775551102204408
0.05236855838951086	3.1963927855711423
0.058648209066672674	3.7274549098196395
0.06500801158883333	4.38877755511022
0.07251110334557	5.152304609218437
0.08039942091965101	6.154308617234469
0.09012679750595406	7.218436873747495
0.10250091036947624	8.605210420841683
0.11250554294993828	10.138276553106213
0.12717042092141953	12.048096192384769
0.13960384553167945	14.254509018036073
0.15458560634415533	16.7374749498998
0.1691815805674858	19.731462925851705
0.18382487393435976	22.96192384769539
0.2028099355712482	26.803607214428858
0.2236051789764089	31.206412825651302
0.24059674683813545	36.206412825651306
0.2624365594999743	41.70941883767535
0.27963617903377114	48.20040080160321
0.3022044173397532	55.29258517034068
0.31728401734337414	63.5250501002004
0.3396682018577354	72.49298597194388
0.35611149322002555	82.14629258517034
0.3741440416445141	92.83366733466934
0.39017037296862883	104.58316633266533
0.40690348382647507	117.37074148296593
0.42268826534795617	131.0240480961924
0.4314222466640334	145.69539078156313
0.44200266890885886	162.0180360721443
0.452038042564514	179.01202404809618
0.4597247509197923	197.3687374749499
0.4730471883022292	216.71943887775552
0.47735718142325384	237.3807615230461
0.47845277423134297	258.6312625250501
0.48582582678490205	281.1202404809619
0.48325112455613506	304.59519038076155
0.4821234725667583	328.67134268537075
0.47682060026098344	353.75350701402806
0.4761633229221973	379.50300601202406
0.4698918153098012	405.86573146292585
0.4761828318503542	431.99799599198394
0.4742176308183789	458.70941883767534
0.4761109613512335	485.80961923847696
0.47981784263669386	512.7154308617235
0.4751453496231195	539.7294589178357
0.4815494976513053	566.5470941883767
0.4879395154210069	592.871743486974
0.4879726883383835	619.1903807615231
0.4852843053466881	645.1422845691383
0.4849632187609052	670.1963927855711
0.4832132304523047	694.1002004008016
0.49074851456187457	717.2905811623247
0.49651626969089446	739.6012024048097
0.4941676980701426	761.0901803607214
0.4895489876268247	781.5310621242485
0.4836121000169274	800.815631262525
0.47211047108168797	818.9338677354709
0.46185089316421085	836.1102204408818
0.44547922804821904	852.5691382765531
0.43104384075963714	867.376753507014
0.41398395265619425	881.2725450901804
0.3961723577528604	894.2545090180361
0.3810017971472608	905.7955911823648
0.35986733943771	916.5671342685371
0.33753786244099926	926.5310621242485
0.3177307830164945	935.2805611222445
0.30161399017651747	943.2064128256513
0.28359891674112625	950.2705410821643
0.2672918119001403	956.5090180360721
0.2432278298617722	962.2505010020041
0.22451985767906765	967.2905811623247
0.20472616392353263	971.7575150300602
0.18744480785115042	975.6112224448898
0.1704691228548355	978.9799599198396
0.15418473500983704	982.0080160320641
0.14179350934299675	984.5210420841684
0.13003979119825032	986.7254509018036
0.11740181355923572	988.6773547094189
0.10602469813576075	990.2825651302605
0.09675424560471643	991.5390781563126
0.08585320170592481	992.7575150300602
0.07644325576533469	993.6653306613226
0.0673872375346119	994.4488977955912
0.05852697981884209	995.1683366733467
0.05139706480781924	995.7334669338677
0.04594203644937282	996.1543086172345
0.04125749230719503	996.5110220440881
0.03584227400555683	996.8196392785571
0.03158088270883193	997.0681362725451
0.0276301173602067	997.2484969939879
0.02387377026185584	997.4008016032064
0.02198321576514801	997.5130260521042
0.01948996142411766	997.623246492986
0.01714831953139053	997.7114228456913
0.015090780595977163	997.7735470941884
0.013027673868842536	997.8296593186373
0.011428653393370857	997.87374749499
0.009670573845391649	997.9058116232464
0.009124832983514774	997.9158316633267
0.00811779535046832	997.9338677354709
0.006355617898349738	997.9579158316633
0.005902594848614889	997.9639278557114
0.0054050845775241285	997.9699398797595
0.004647725147954399	997.9779559118236
0.00372276613949836	997.9859719438878
0.003450112594888413	997.9879759519038
0.0031527000987689666	997.9899799599199
0.0028227133604930795	997.9919839679359
0.0028227133604930795	997.9919839679359
0.0028227133604930795	997.9919839679359
0.001999987935722843	997.9959919839679
0.001999987935722843	997.9959919839679
0.001999987935722843	997.9959919839679
0.001415627058175783	997.997995991984
0.001415627058175783	997.997995991984
0.001415627058175783	997.997995991984
0.001415627058175783	997.997995991984
0.0	998.0
0.0	998.0
0.0	998.0
0.0	998.0
0.0	998.0
0.0	998.0
0.0	998.0
0.0	998.0
0.0	998.0
0.0	998.0
0.0	998.0
0.0	998.0
0.0	998.0
0.0	998.0
0.0	998.0
0.0	998.0
0.0	998.0
0.0	998.0
0.0	998.0
0.0	998.0
0.0	998.0
0.0	998.0
0.0	998.0
0.0	998.0
0.0	998.0
0.0	998.0
0.0	998.0
0.0	998.0
0.0	998.0
0.0	998.0
0.0	998.0
0.0	998.0
0.0	998.0
0.0	998.0
0.0	998.0
0.0	998.0
0.0	998.0
0.0	998.0
0.0	998.0
0.0	998.0
0.0	998.0
0.0	998.0
0.0	998.0
0.0	998.0
0.0	998.0
0.0	998.0
0.0	998.0
0.0	998.0
0.0	998.0
0.0	998.0
0.0	998.0
0.0	998.0
0.0	998.0
0.0	998.0
0.0	998.0
0.0	998.0
0.0	998.0
0.0	998.0
0.0	998.0
0.0	998.0
0.0	998.0
0.0	998.0
0.0	998.0
0.0	998.0
0.0	998.0
0.0	998.0
0.0	998.0
0.0	998.0
0.0	998.0
0.0	998.0
0.0	998.0
0.0	998.0
0.0	998.0
0.0	998.0
0.0	998.0
0.0	998.0
0.0	998.0
0.0	998.0
0.0	998.0
0.0	998.0
0.0	998.0
0.0	998.0
0.0	998.0
0.0	998.0
0.0	998.0
0.0	998.0
0.0	998.0
0.0	998.0
0.0	998.0
0.0	998.0
0.0	998.0
0.0	998.0
0.0	998.0
0.0	998.0
0.0	998.0
0.0	998.0
0.0	998.0
0.0	998.0
0.0	998.0
0.0	998.0
0.0	998.0
0.0	998.0
0.0	998.0
0.0	998.0
0.0	998.0
0.0	998.0
0.0	998.0
0.0	998.0
0.0	998.0
0.0	998.0
0.0	998.0
0.0	998.0
0.0	998.0
0.0	998.0
0.0	998.0
0.0	998.0
0.0	998.0
0.0	998.0
0.0	998.0
0.0	998.0
0.0	998.0
0.0	998.0
0.0	998.0
0.0	998.0
0.0	998.0
0.0	998.0
0.0	998.0
0.0	998.0
0.0	998.0
0.0	998.0
0.0	998.0
0.0	998.0
0.0	998.0
0.0	998.0
0.0	998.0
0.0	998.0
0.0	998.0
0.0	998.0
0.0	998.0
0.0	998.0
0.0	998.0
0.0	998.0
0.0	998.0
0.0	998.0
0.0	998.0
0.0	998.0
0.0	998.0
0.0	998.0
0.0	998.0
0.0	998.0
0.0	998.0
0.0	998.0
0.0	998.0
0.0	998.0
0.0	998.0
0.0	998.0
0.0	998.0
0.0	998.0
0.0	998.0
0.0	998.0
0.0	998.0
0.0	998.0
0.0	998.0
0.0	998.0
0.0	998.0
0.0	998.0
0.0	998.0
0.0	998.0
0.0	998.0
0.0	998.0
0.0	998.0
0.0	998.0
0.0	998.0
0.0	998.0
0.0	998.0
0.0	998.0
