dD	 D	 
0.0	1.0
0.0	1.0
0.0	1.0
0.0	1.0
0.0	1.0
0.0	1.0
0.0	1.0
0.0	1.0
0.0	1.0
0.0	1.0
0.0	1.0
0.0	1.0
0.0	1.0
0.0	1.0
0.0	1.0
0.0	1.0
0.0	1.0
0.0	1.0
0.0	1.0
0.0	1.0
0.0	1.0
0.0	1.0
0.0	1.0
0.0	1.0
0.0	1.0
0.0	1.0
0.0	1.0
0.0	1.0
0.0	1.0
0.0	1.0
0.0	1.0
0.0	1.0
0.0	1.0
0.0	1.0
0.0	1.0
0.0	1.0
0.0	1.0
0.0	1.0
0.0	1.0
0.0	1.0
0.0	1.0
0.0	1.0
0.0	1.0
0.0	1.0
0.0	1.0
0.0	1.0
0.0	1.0
0.0	1.0
0.0	1.0
0.0	1.0
0.0	1.0
0.0	1.0
0.0	1.0
0.0	1.0
0.0	1.0
0.0	1.0
0.0	1.0
0.0	1.0
0.0	1.0
0.0	1.0
0.0	1.0
0.0	1.0
0.0	1.0
0.0	1.0
0.0	1.0
0.0	1.0
0.0	1.0
0.0	1.0
0.0	1.0
0.0	1.0
0.0	1.0
0.0	1.0
0.0	1.0
0.0	1.0
0.0	1.0
0.0	1.0
0.0	1.0
0.0	1.0
0.0	1.0
0.0	1.0
0.0	1.0
0.0	1.0
0.0	1.0
0.0	1.0
0.0	1.0
0.0	1.0
0.0	1.0
0.0	1.0
0.0	1.0
0.0	1.0
0.0	1.0
0.0	1.0
0.0	1.0
0.0	1.0
0.0	1.0
0.0	1.0
0.0	1.0
0.0	1.0
0.0	1.0
0.0	1.0
0.0	1.0
0.0	1.0
0.0	1.0
0.0	1.0
0.0	1.0
0.0	1.0
0.0	1.0
0.0	1.0
0.0	1.0
0.0	1.0
0.0	1.0
0.0	1.0
0.0	1.0
0.0	1.0
0.0	1.0
0.0	1.0
0.0	1.0
0.0	1.0
0.0	1.0
0.0	1.0
0.0	1.0
0.0	1.0
0.0	1.0
0.0	1.0
0.0	1.0
0.0	1.0
0.0	1.0
0.0	1.0
0.0	1.0
0.0	1.0
0.0	1.0
0.0	1.0
0.0	1.0
0.0	1.0
0.0	1.0
0.0	1.0
0.0	1.0
0.0	1.0
0.0	1.0
0.0	1.0
0.0	1.0
0.0	1.0
0.0	1.0
0.0	1.0
0.0	1.0
0.0	1.0
0.0	1.0
0.0	1.0
0.0	1.0
0.0	1.0
0.0	1.0
0.0	1.0
0.0	1.0
0.0	1.0
0.0	1.0
0.001415627058175783	1.002004008016032
0.001415627058175783	1.002004008016032
0.001415627058175783	1.002004008016032
0.0019999879357228433	1.0040080160320641
0.0019999879357228433	1.0040080160320641
0.0019999879357228433	1.0040080160320641
0.0019999879357228433	1.0040080160320641
0.0024470094657750084	1.006012024048096
0.003450112594888412	1.0120240480961924
0.0042126315736657404	1.0180360721442885
0.00558775118937391	1.0300601202404809
0.006800361381610782	1.0440881763527055
0.00836149804044741	1.066132264529058
0.011953392324709435	1.1082164328657316
0.013804240550746262	1.1422845691382766
0.016282986037556783	1.1843687374749499
0.02056806257356697	1.254509018036072
0.02638866840425929	1.3587174348697395
0.031153419953290906	1.470941883767535
0.03920386751771931	1.657314629258517
0.05069422658804536	1.933867735470942
0.06239993443129883	2.2364729458917836
0.07548640174437563	2.655310621242485
0.09621829733991724	3.212424849699399
0.11623791762592864	3.917835671342685
0.13956920786396168	4.775551102204409
0.17378919967863374	6.002004008016032
0.21095655079176187	7.406813627254509
0.2540330745006814	9.084168336673347
0.30176227535561934	11.124248496993989
0.3552382127617138	13.587174348697395
0.4149678601378322	16.665330661322646
0.484243748560536	20.11422845691383
0.5636910208376704	24.352705410821642
0.6488837116114987	29.33266533066132
0.7442047747916566	34.97995991983968
0.844143039774992	41.55911823647295
0.9523020655488662	49.186372745490985
1.0618223749546762	57.69539078156313
1.173895560677811	67.30661322645291
1.2942072011115062	78.07014028056112
1.4129341587624693	89.70541082164328
1.5259303225123	102.18236472945891
1.6361712043676668	115.6372745490982
1.7434047295741966	130.25250501002003
1.8418302350553146	145.37875751503006
1.9215932396753	161.56513026052104
2.0013136151249062	178.28456913827657
2.0649395532457735	196.0741482965932
2.115894297877533	213.9619238476954
2.150965616572773	232.11422845691382
2.166703768775032	250.64128256513027
2.1646228723395025	269.0380761523046
2.143880002918459	287.2124248496994
2.114619476303941	304.72945891783564
2.061677385453542	321.9138276553106
1.999222993246268	338.7695390781563
1.9266860781477606	354.8436873747495
1.8332889893895798	370.34068136272543
1.7310416729674825	384.63527054108215
1.6247064669306397	398.11422845691385
1.5170379939906578	410.5751503006012
1.4034596514790334	421.8156312625251
1.2924902309008486	432.3326653306613
1.1753432419035508	441.81963927855713
1.0657927581555877	450.07014028056113
0.9613136499118434	457.23446893787576
0.8623141382108727	463.6312625250501
0.7675497422072096	469.3547094188377
0.687122262889214	474.24448897795594
0.6106654845654268	478.3066132264529
0.5284606008272	482.14629258517033
0.45961172789340515	485.3246492985972
0.39936829310397004	487.9519038076152
0.3507268865737004	489.98597194388776
0.29941157744132285	491.8076152304609
0.2605469443069358	493.2805611222445
0.22683672620403586	494.4529058116232
0.19252895856743976	495.3987975951904
0.16132413571149554	496.2064128256513
0.13987433774899036	496.79158316633266
0.11843754682437621	497.3046092184369
0.09931168404929841	497.6953907815631
0.08440647654804553	497.99599198396794
0.07207651381927471	498.2605210420842
0.060972331177793236	498.4729458917836
0.05180737241401712	498.6012024048096
0.04555739200933655	498.71543086172346
0.041900271394223754	498.7775551102204
0.03820271170215261	498.8436873747495
0.03632892674686079	498.88376753507015
0.03510084960336589	498.9058116232465
0.03351294130612898	498.94188376753505
0.03293526043896394	498.95991983967934
0.032589071008869167	498.98597194388776
0.032530365164200076	498.99799599198394
0.0325582481893138	499.01402805611224
0.032605057739072414	499.03406813627254
0.0328472328450437	499.05811623246495
0.03404420875970996	499.09819639278555
0.0355261807954936	499.1302605210421
0.03754057630017991	499.1743486973948
0.0434599349469409	499.2625250501002
0.0482090948906117	499.3787575150301
0.05500425919653814	499.5110220440882
0.06265151396468947	499.66132264529057
0.07238579546977258	499.90380761523045
0.08732418700829933	500.17034068136275
0.10442679233570905	500.5110220440882
0.12221148379901971	500.9939879759519
0.14770728832174615	501.5851703406814
0.17237040651241586	502.3787575150301
0.20405783064470318	503.314629258517
0.24130130473742248	504.5430861723447
0.2806469306366276	506.0060120240481
0.3295553213762752	507.80160320641284
0.3831568379125694	509.9258517034068
0.44388152706203854	512.5050100200401
0.5130978966846678	515.6553106212425
0.5889120147636686	519.2064128256513
0.6616037028508804	523.2565130260521
0.7552487642693877	528.2505010020041
0.8517842035072059	533.8777555110221
0.9483928997839706	540.4488977955912
1.0542561451263321	547.8537074148296
1.1565930064236587	555.9218436873748
1.2614134859979358	565.0480961923847
1.373010842571499	575.4008016032064
1.4919357294013424	586.9338677354709
1.6049932963894213	599.438877755511
1.706018629049881	612.685370741483
1.8014857588634616	627.1162324649299
1.8946224783841021	642.2825651302605
1.9732409151566914	658.2925851703407
2.0442125027284295	675.1783567134269
2.1014730727548447	692.9959919839679
2.144897541271951	710.563126252505
2.1628300735326875	728.7414829659318
2.16850147816414	746.8897795591182
2.1536334875392837	765.4088176352706
2.124979414191724	783.9759519038076
2.0730971973197962	802.1783567134269
2.0076593466537545	819.7054108216433
1.932148936429779	836.4569138276553
1.8427723464859318	852.7394789579158
1.7397289678626375	868.1402805611223
1.6349453183498237	882.9639278557114
1.5223545143578125	896.7595190380762
1.4093371449887573	909.2965931863728
1.2977429903663267	920.4789579158316
1.1778883921803436	931.0841683366733
1.066346437282885	940.4488977955912
0.9514202794368899	948.9318637274549
0.8468808049776071	956.5190380761524
0.7484234582549002	963.2464929859719
0.6548765600666646	969.1202404809619
0.5683316140381562	974.2144288577155
0.48918994989188086	978.4689378757515
0.42080595814607435	982.1482965931864
0.3557298141737545	985.2685370741483
0.30732767717688914	987.6633266533066
0.2587852152346635	989.6933867735471
0.21405661853670122	991.4809619238476
0.17459977350603842	992.9178356713427
0.1436245126460427	994.1202404809619
0.11898939899834292	995.0100200400801
0.09877144220494255	995.6753507014027
0.07989895180764578	996.2565130260521
0.06603675356634711	996.6553106212425
0.05504641961851852	997.0
0.04379301278996829	997.2645290581162
0.0349469467741354	997.4669338677355
0.027041871376472112	997.623246492986
0.02075629485767118	997.7334669338677
0.016751967201943045	997.8036072144289
0.01273653684839989	997.8797595190381
0.009394492030512019	997.9218436873748
0.008392242477996515	997.937875751503
0.007089496671049649	997.9559118236473
0.006536346887953617	997.9619238476954
0.006092806296024917	997.9679358717435
0.004212631573665739	997.9819639278558
0.003450112594888413	997.9879759519038
0.003152700098768967	997.9899799599199
0.00282271336049308	997.9919839679359
0.001999987935722843	997.9959919839679
0.001999987935722843	997.9959919839679
0.0014156270581757832	997.997995991984
0.0014156270581757832	997.997995991984
0.0014156270581757832	997.997995991984
0.0014156270581757832	997.997995991984
0.0014156270581757832	997.997995991984
0.0014156270581757832	997.997995991984
0.0014156270581757832	997.997995991984
0.0014156270581757832	997.997995991984
0.0	998.0
0.0	998.0
0.0	998.0
0.0	998.0
0.0	998.0
0.0	998.0
0.0	998.0
0.0	998.0
0.0	998.0
0.0	998.0
0.0	998.0
0.0	998.0
0.0	998.0
0.0	998.0
0.0	998.0
0.0	998.0
0.0	998.0
0.0	998.0
0.0	998.0
0.0	998.0
0.0	998.0
0.0	998.0
0.0	998.0
0.0	998.0
0.0	998.0
0.0	998.0
0.0	998.0
0.0	998.0
0.0	998.0
0.0	998.0
0.0	998.0
0.0	998.0
0.0	998.0
0.0	998.0
0.0	998.0
0.0	998.0
0.0	998.0
0.0	998.0
0.0	998.0
0.0	998.0
0.0	998.0
0.0	998.0
0.0	998.0
0.0	998.0
0.0	998.0
0.0	998.0
0.0	998.0
0.0	998.0
0.0	998.0
0.0	998.0
0.0	998.0
0.0	998.0
0.0	998.0
0.0	998.0
0.0	998.0
0.0	998.0
0.0	998.0
0.0	998.0
0.0	998.0
0.0	998.0
0.0	998.0
0.0	998.0
0.0	998.0
0.0	998.0
0.0	998.0
0.0	998.0
0.0	998.0
0.0	998.0
0.0	998.0
0.0	998.0
0.0	998.0
0.0	998.0
0.0	998.0
0.0	998.0
0.0	998.0
0.0	998.0
0.0	998.0
0.0	998.0
0.0	998.0
0.0	998.0
0.0	998.0
0.0	998.0
0.0	998.0
0.0	998.0
0.0	998.0
0.0	998.0
0.0	998.0
0.0	998.0
0.0	998.0
0.0	998.0
0.0	998.0
0.0	998.0
0.0	998.0
0.0	998.0
0.0	998.0
0.0	998.0
0.0	998.0
0.0	998.0
0.0	998.0
0.0	998.0
0.0	998.0
0.0	998.0
0.0	998.0
0.0	998.0
0.0	998.0
0.0	998.0
0.0	998.0
0.0	998.0
0.0	998.0
0.0	998.0
0.0	998.0
0.0	998.0
0.0	998.0
0.0	998.0
0.0	998.0
0.0	998.0
0.0	998.0
0.0	998.0
0.0	998.0
0.0	998.0
0.0	998.0
0.0	998.0
0.0	998.0
0.0	998.0
0.0	998.0
0.0	998.0
0.0	998.0
0.0	998.0
0.0	998.0
0.0	998.0
0.0	998.0
0.0	998.0
0.0	998.0
0.0	998.0
0.0	998.0
0.0	998.0
0.0	998.0
0.0	998.0
0.0	998.0
0.0	998.0
0.0	998.0
0.0	998.0
0.0	998.0
0.0	998.0
0.0	998.0
0.0	998.0
0.0	998.0
0.0	998.0
0.0	998.0
0.0	998.0
