dD	 D	 
0.0	1.0
0.0	1.0
0.0	1.0
0.0	1.0
0.0	1.0
0.0	1.0
0.0	1.0
0.0	1.0
0.0	1.0
0.0	1.0
0.0005656569700846057	1.0012004801920769
0.0010951669704666364	1.0028011204481793
0.0016718351287733331	1.006002400960384
0.0031822336609938907	1.014405762304922
0.006075130858247639	1.034813925570228
0.011567267689559119	1.0820328131252501
0.02097197963064566	1.178471388555422
0.03585326198181812	1.3697478991596639
0.06150380337778677	1.7462985194077632
0.09643302427448026	2.350140056022409
0.15060882311047297	3.4477791116446577
0.22887511588970924	5.285714285714286
0.33964197328392826	8.305322128851541
0.4925023466717563	13.020808323329332
0.6897469637706756	20.065226090436173
0.9490591174744909	30.544617847138856
1.267399417501194	45.32733093237295
1.6513626164002457	65.40376150460185
2.1002525379966084	92.02641056422569
2.6176454874523243	126.6766706682673
3.1895910327681545	170.015606242497
3.815478209326744	223.56262505002002
4.4642872832701235	287.3805522208884
5.129329800456435	362.09403761504603
5.783777148244918	447.5418167266907
6.403832887225375	542.9923969587835
6.972818685098431	647.8171268507404
7.463836019550158	760.1516606642657
7.868518158479487	879.1180472188876
8.169780112681112	1002.1708683473389
8.362378569501796	1127.5822328931572
8.439878724687835	1253.4829931972788
8.403900566272064	1377.905962384954
8.263421671981337	1499.1920768307323
8.026606519070674	1615.4765906362545
7.703867213241144	1725.0548219287716
7.309079276940142	1827.267707082833
6.863322289093449	1920.7314925970388
6.3759822636153105	2006.2452981192478
5.86680527840037	2082.4313725490197
5.348908378658306	2149.923969587835
4.83292860191218	2209.046418567427
4.332190703829847	2259.985194077631
3.8516043735491374	2303.769507803121
3.399831327806622	2340.7735094037616
2.980280255577452	2371.8327330932375
2.6004479534666767	2397.4277711084433
2.2554687557073976	2418.370948379352
1.9455782935800983	2435.482993197279
1.6731711498894968	2449.1824729891955
1.4284997246710127	2460.3045218087236
1.2153288549070103	2469.104841936775
1.0284771474952101	2476.0200080032014
0.8640640483275017	2481.518207282913
0.7237258226560838	2485.7246898759504
0.6055560054853122	2488.9771908763505
0.4978664427409778	2491.53181272509
0.4072538158600014	2493.43337334934
0.33059582525143194	2494.9111644657864
0.2657067226839844	2496.005602240896
0.2092109540093612	2496.8207282913163
0.16433575961731245	2497.418167266907
0.1266977618560943	2497.875950380152
0.09921748724487812	2498.1980792316926
0.07596493899684865	2498.4305722288914
0.05652821144190326	2498.609043617447
0.04344500404174688	2498.7238895558226
0.032687490782655614	2498.814725890356
0.026168040640773035	2498.8699479791917
0.021180186804564582	2498.9175670268105
0.017296327585891797	2498.949179671869
0.01586078322778182	2498.965586234494
0.015105602986258496	2498.9795918367345
0.014639010961117246	2498.987595038015
0.014380191397879511	2498.9911964785915
0.014254722551365532	2498.9947979191675
0.014246323169924096	2498.9951980792316
0.014215486734199822	2498.997198879552
0.014164743826375987	2498.998399359744
0.014142134491454416	2499.0
0.014142134491454416	2499.0
0.014142134491454416	2499.0
0.014142134491454416	2499.0
0.014142134491454416	2499.0
0.01414496376716372	2499.000400160064
0.01414496376716372	2499.000400160064
0.01414496376716372	2499.000400160064
0.01414496376716372	2499.000400160064
0.01414496376716372	2499.000400160064
0.01414496376716372	2499.000400160064
0.01414496376716372	2499.000400160064
0.01414496376716372	2499.000400160064
0.01414496376716372	2499.000400160064
0.01414496376716372	2499.000400160064
0.01414496376716372	2499.000400160064
0.01414496376716372	2499.000400160064
0.01414496376716372	2499.000400160064
0.01414496376716372	2499.000400160064
0.01414496376716372	2499.000400160064
0.01414496376716372	2499.000400160064
0.01414496376716372	2499.000400160064
0.01414496376716372	2499.000400160064
0.01414496376716372	2499.000400160064
0.01414496376716372	2499.000400160064
0.01414496376716372	2499.000400160064
0.01414496376716372	2499.000400160064
0.01414496376716372	2499.000400160064
0.01414496376716372	2499.000400160064
0.01414496376716372	2499.000400160064
0.01414496376716372	2499.000400160064
0.01414496376716372	2499.000400160064
0.01414496376716372	2499.000400160064
0.01414496376716372	2499.000400160064
0.01414496376716372	2499.000400160064
0.01414496376716372	2499.000400160064
0.01414496376716372	2499.000400160064
0.01414496376716372	2499.000400160064
0.01414496376716372	2499.000400160064
0.01414496376716372	2499.000400160064
0.01414496376716372	2499.000400160064
0.01414496376716372	2499.000400160064
0.01414496376716372	2499.000400160064
0.01414496376716372	2499.000400160064
0.01414496376716372	2499.000400160064
0.01414496376716372	2499.000400160064
0.01414496376716372	2499.000400160064
0.01414496376716372	2499.000400160064
0.01414496376716372	2499.000400160064
0.01414496376716372	2499.000400160064
0.01414496376716372	2499.000400160064
0.01414496376716372	2499.000400160064
0.01414496376716372	2499.000400160064
0.01414496376716372	2499.000400160064
0.01414496376716372	2499.000400160064
0.01414496376716372	2499.000400160064
0.01414496376716372	2499.000400160064
0.01414496376716372	2499.000400160064
0.01414496376716372	2499.000400160064
0.01414496376716372	2499.000400160064
0.01414496376716372	2499.000400160064
0.01414496376716372	2499.000400160064
0.01414496376716372	2499.000400160064
0.01414496376716372	2499.000400160064
0.01414496376716372	2499.000400160064
0.01414496376716372	2499.000400160064
0.01414496376716372	2499.000400160064
0.01414496376716372	2499.000400160064
0.01414496376716372	2499.000400160064
0.01414496376716372	2499.000400160064
0.01414496376716372	2499.000400160064
0.01414496376716372	2499.000400160064
0.01414496376716372	2499.000400160064
0.01414496376716372	2499.000400160064
0.01414496376716372	2499.000400160064
0.01414496376716372	2499.000400160064
0.01414496376716372	2499.000400160064
0.01414496376716372	2499.000400160064
0.01414496376716372	2499.000400160064
0.01414496376716372	2499.000400160064
0.01414496376716372	2499.000400160064
0.01414496376716372	2499.000400160064
0.01414496376716372	2499.000400160064
0.01414496376716372	2499.000400160064
0.01414496376716372	2499.000400160064
0.01414496376716372	2499.000400160064
0.01414496376716372	2499.000400160064
0.01414496376716372	2499.000400160064
0.01414496376716372	2499.000400160064
0.01414496376716372	2499.000400160064
0.01414496376716372	2499.000400160064
0.01414496376716372	2499.000400160064
0.01414496376716372	2499.000400160064
0.01414496376716372	2499.000400160064
0.01414496376716372	2499.000400160064
0.01414496376716372	2499.000400160064
0.01414496376716372	2499.000400160064
0.01414496376716372	2499.000400160064
0.01414496376716372	2499.000400160064
0.01414496376716372	2499.000400160064
0.01414496376716372	2499.000400160064
0.01414496376716372	2499.000400160064
0.01414496376716372	2499.000400160064
0.01414496376716372	2499.000400160064
0.01414496376716372	2499.000400160064
0.01414496376716372	2499.000400160064
0.01414496376716372	2499.000400160064
0.01414496376716372	2499.000400160064
0.01414496376716372	2499.000400160064
0.01414496376716372	2499.000400160064
0.01414496376716372	2499.000400160064
0.01414496376716372	2499.000400160064
0.01414496376716372	2499.000400160064
0.01414496376716372	2499.000400160064
0.01414496376716372	2499.000400160064
0.01414496376716372	2499.000400160064
0.01414496376716372	2499.000400160064
0.01414496376716372	2499.000400160064
0.01414496376716372	2499.000400160064
0.01414496376716372	2499.000400160064
0.01414496376716372	2499.000400160064
0.01414496376716372	2499.000400160064
0.01414496376716372	2499.000400160064
0.01414496376716372	2499.000400160064
0.01414496376716372	2499.000400160064
0.01414496376716372	2499.000400160064
0.01414496376716372	2499.000400160064
0.01414496376716372	2499.000400160064
0.01414496376716372	2499.000400160064
0.01414496376716372	2499.000400160064
0.01414496376716372	2499.000400160064
0.01414496376716372	2499.000400160064
0.01414496376716372	2499.000400160064
0.01414496376716372	2499.000400160064
0.01414496376716372	2499.000400160064
0.01414496376716372	2499.000400160064
0.01414496376716372	2499.000400160064
0.01414496376716372	2499.000400160064
0.01414496376716372	2499.000400160064
0.01414496376716372	2499.000400160064
0.01414496376716372	2499.000400160064
0.01414496376716372	2499.000400160064
0.01414496376716372	2499.000400160064
0.01414496376716372	2499.000400160064
0.01414496376716372	2499.000400160064
0.01414496376716372	2499.000400160064
0.01414496376716372	2499.000400160064
0.01414496376716372	2499.000400160064
0.01414496376716372	2499.000400160064
0.01414496376716372	2499.000400160064
0.01414496376716372	2499.000400160064
0.01414496376716372	2499.000400160064
0.01414496376716372	2499.000400160064
0.01414496376716372	2499.000400160064
0.01414496376716372	2499.000400160064
0.01414496376716372	2499.000400160064
0.01414496376716372	2499.000400160064
0.01414496376716372	2499.000400160064
0.01414496376716372	2499.000400160064
0.01414496376716372	2499.000400160064
0.01414496376716372	2499.000400160064
0.01414496376716372	2499.000400160064
0.01414496376716372	2499.000400160064
0.01414496376716372	2499.000400160064
0.01414496376716372	2499.000400160064
0.01414496376716372	2499.000400160064
0.01414496376716372	2499.000400160064
0.01414496376716372	2499.000400160064
0.01414496376716372	2499.000400160064
0.01414496376716372	2499.000400160064
0.01414496376716372	2499.000400160064
0.01414496376716372	2499.000400160064
0.01414496376716372	2499.000400160064
0.01414496376716372	2499.000400160064
0.01414496376716372	2499.000400160064
0.01414496376716372	2499.000400160064
0.01414496376716372	2499.000400160064
0.01414496376716372	2499.000400160064
0.01414496376716372	2499.000400160064
0.01414496376716372	2499.000400160064
0.01414496376716372	2499.000400160064
0.01414496376716372	2499.000400160064
0.01414496376716372	2499.000400160064
0.01414496376716372	2499.000400160064
0.01414496376716372	2499.000400160064
0.01414496376716372	2499.000400160064
0.01414496376716372	2499.000400160064
0.01414496376716372	2499.000400160064
0.01414496376716372	2499.000400160064
0.01414496376716372	2499.000400160064
0.01414496376716372	2499.000400160064
0.01414496376716372	2499.000400160064
0.01414496376716372	2499.000400160064
0.01414496376716372	2499.000400160064
0.01414496376716372	2499.000400160064
0.01414496376716372	2499.000400160064
0.01414496376716372	2499.000400160064
0.01414496376716372	2499.000400160064
0.01414496376716372	2499.000400160064
0.01414496376716372	2499.000400160064
0.01414496376716372	2499.000400160064
0.01414496376716372	2499.000400160064
0.01414496376716372	2499.000400160064
0.01414496376716372	2499.000400160064
0.01414496376716372	2499.000400160064
0.01414496376716372	2499.000400160064
0.01414496376716372	2499.000400160064
0.01414496376716372	2499.000400160064
0.01414496376716372	2499.000400160064
0.01414496376716372	2499.000400160064
0.01414496376716372	2499.000400160064
0.01414496376716372	2499.000400160064
0.01414496376716372	2499.000400160064
0.01414496376716372	2499.000400160064
0.01414496376716372	2499.000400160064
0.01414496376716372	2499.000400160064
0.01414496376716372	2499.000400160064
0.01414496376716372	2499.000400160064
0.01414496376716372	2499.000400160064
0.01414496376716372	2499.000400160064
0.01414496376716372	2499.000400160064
0.01414496376716372	2499.000400160064
0.01414496376716372	2499.000400160064
0.01414496376716372	2499.000400160064
0.01414496376716372	2499.000400160064
0.01414496376716372	2499.000400160064
0.01414496376716372	2499.000400160064
0.01414496376716372	2499.000400160064
0.01414496376716372	2499.000400160064
0.01414496376716372	2499.000400160064
0.01414496376716372	2499.000400160064
0.01414496376716372	2499.000400160064
0.01414496376716372	2499.000400160064
0.01414496376716372	2499.000400160064
0.01414496376716372	2499.000400160064
0.01414496376716372	2499.000400160064
0.01414496376716372	2499.000400160064
0.01414496376716372	2499.000400160064
0.01414496376716372	2499.000400160064
0.01414496376716372	2499.000400160064
0.01414496376716372	2499.000400160064
0.01414496376716372	2499.000400160064
0.01414496376716372	2499.000400160064
0.01414496376716372	2499.000400160064
0.01414496376716372	2499.000400160064
0.01414496376716372	2499.000400160064
0.01414496376716372	2499.000400160064
0.01414496376716372	2499.000400160064
0.01414496376716372	2499.000400160064
0.01414496376716372	2499.000400160064
0.01414496376716372	2499.000400160064
0.01414496376716372	2499.000400160064
0.01414496376716372	2499.000400160064
0.01414496376716372	2499.000400160064
0.01414496376716372	2499.000400160064
0.01414496376716372	2499.000400160064
0.01414496376716372	2499.000400160064
0.01414496376716372	2499.000400160064
0.01414496376716372	2499.000400160064
0.01414496376716372	2499.000400160064
0.01414496376716372	2499.000400160064
0.01414496376716372	2499.000400160064
0.01414496376716372	2499.000400160064
0.01414496376716372	2499.000400160064
0.01414496376716372	2499.000400160064
0.01414496376716372	2499.000400160064
0.01414496376716372	2499.000400160064
0.01414496376716372	2499.000400160064
0.01414496376716372	2499.000400160064
0.01414496376716372	2499.000400160064
0.01414496376716372	2499.000400160064
0.01414496376716372	2499.000400160064
0.01414496376716372	2499.000400160064
0.01414496376716372	2499.000400160064
0.01414496376716372	2499.000400160064
0.01414496376716372	2499.000400160064
0.01414496376716372	2499.000400160064
0.01414496376716372	2499.000400160064
0.01414496376716372	2499.000400160064
0.01414496376716372	2499.000400160064
0.01414496376716372	2499.000400160064
0.01414496376716372	2499.000400160064
0.01414496376716372	2499.000400160064
0.01414496376716372	2499.000400160064
0.01414496376716372	2499.000400160064
0.01414496376716372	2499.000400160064
0.01414496376716372	2499.000400160064
0.01414496376716372	2499.000400160064
0.01414496376716372	2499.000400160064
0.01414496376716372	2499.000400160064
0.01414496376716372	2499.000400160064
0.01414496376716372	2499.000400160064
0.01414496376716372	2499.000400160064
0.01414496376716372	2499.000400160064
0.01414496376716372	2499.000400160064
0.01414496376716372	2499.000400160064
0.01414496376716372	2499.000400160064
0.01414496376716372	2499.000400160064
0.01414496376716372	2499.000400160064
0.01414496376716372	2499.000400160064
0.01414496376716372	2499.000400160064
0.01414496376716372	2499.000400160064
0.01414496376716372	2499.000400160064
0.01414496376716372	2499.000400160064
0.01414496376716372	2499.000400160064
0.01414496376716372	2499.000400160064
0.01414496376716372	2499.000400160064
0.01414496376716372	2499.000400160064
0.01414496376716372	2499.000400160064
0.01414496376716372	2499.000400160064
0.01414496376716372	2499.000400160064
0.01414496376716372	2499.000400160064
0.01414496376716372	2499.000400160064
0.01414496376716372	2499.000400160064
0.01414496376716372	2499.000400160064
0.01414496376716372	2499.000400160064
0.01414496376716372	2499.000400160064
0.01414496376716372	2499.000400160064
0.014147790212520916	2499.000800320128
0.014147790212520916	2499.000800320128
0.014147790212520916	2499.000800320128
0.014147790212520916	2499.000800320128
0.014153442541734854	2499.001200480192
0.014178813420532893	2499.0032012805123
0.014223825489457899	2499.0048019207684
0.01428824827841979	2499.0068027210887
0.014460425731572038	2499.0108043217288
0.01491936050753777	2499.0188075230094
0.015541937661118617	2499.0284113645457
0.016351110490177557	2499.0384153661466
0.018760113894601794	2499.060824329732
0.02206177346957879	2499.0868347338937
0.028424703353632293	2499.136454581833
0.03588527069906143	2499.1928771508606
0.04766370107059943	2499.2849139655864
0.0625576506062134	2499.406962785114
0.08116444733597851	2499.5742296918766
0.1018798774921974	2499.8103241296517
0.13122582732338026	2500.1348539415767
0.16603693897178684	2500.5826330532213
0.2096860859179857	2501.18487394958
0.2609565748508887	2501.983593437375
0.32650272031414534	2503.0860344137654
0.40489883414612615	2504.590636254502
0.4934926731501906	2506.4605842336937
0.5949197791608838	2508.953981592637
0.7186127468608782	2512.2589035614246
0.8600559577036824	2516.4505802320928
1.0249079224345918	2521.9247699079633
1.2130665121629238	2528.902360944378
1.429773980007251	2537.6926770708283
1.6741602079178557	2548.7090836334532
1.9525598829917499	2562.59343737495
2.26301050748515	2579.6946778711485
2.606388812478844	2600.638255302121
2.9879943233095205	2626.298919567827
3.4023375970943626	2657.091236494598
3.854121517312297	2694.0240096038415
4.331505165943372	2737.535014005602
4.832942206912339	2788.8531412565026
5.346827001025565	2847.9915966386557
5.863108906578356	2915.2324929971987
6.372106296810301	2991.6178471388557
6.855249690014754	3076.6270508203283
7.303929377720421	3170.857543017207
7.699468598014813	3273.1788715486196
8.025204589764348	3383.031212484994
8.263544202637927	3498.9911964785915
8.407190829417551	3620.2160864345738
8.44328077221582	3744.484593837535
8.36649769281151	3870.6342537014807
8.172701959210317	3996.267306922769
7.870156408715876	4119.526610644258
7.465909663942104	4238.210484193677
6.970755910480285	4350.918367346939
6.406581853957762	4455.438575430172
5.785351598690088	4551.0848339335735
5.132496164070545	4636.561024409764
4.466559815247241	4711.557022809124
3.81828251459731	4775.280512204882
3.2001309326332845	4828.472989195679
2.6214146449170195	4872.141656662665
2.1062777771800625	4906.641456582633
1.657025161687033	4933.293317326931
1.2722200552818694	4953.441376550621
0.9476749827777865	4968.332132853141
0.6938776031728465	4978.732292917167
0.4929006792514681	4985.921168467387
0.33882856091758073	4990.676270508203
0.2261608911157685	4993.733093237295
0.14644387377143103	4995.583833533414
0.09060512819467095	4996.694677871148
0.05533372595438845	4997.314925970388
0.032658009964849376	4997.658263305322
0.018145864786803367	4997.840736294518
0.010044928286220244	4997.923169267707
0.0058311318111502	4997.963585434174
0.0028644500608442833	4997.985594237695
0.0012951710916750325	4997.995598239296
0.0006925195085731731	4997.99799919968
0.0	4998.0
0.0	4998.0
0.0	4998.0
0.0	4998.0
0.0	4998.0
0.0	4998.0
0.0	4998.0
0.0	4998.0
0.0	4998.0
0.0	4998.0
0.0	4998.0
