2.049267458263495989e+00
-2.373593529865108298e+00
2.114377256940422445e+00
nan
3.108272736620828258e+00
inf
3.115346410520063003e+00
3.651802679213508540e+00
3.547450926997220755e+00
inf
nan
4.679177470674900086e-01
2.914988743545649186e+00
3.530710631315204129e+00
3.196339803035001648e+00
1.587714165192570803e+00
8.778472445084685161e-01
nan
-2.813355344522568413e-01
-1.766542247565824786e+00
2.379585360479857581e+00
nan
-4.695804789150473391e-01
nan
2.575066108528306863e+00
3.090762709398261698e+00
3.747680626090911460e+00
3.317203671716179691e+00
2.034862785833337018e+00
2.495493466487631373e+00
1.912813971962268544e+00
1.990608018415275682e+00
nan
2.111456521806860831e+00
1.443555771767323748e+00
4.590294534927638281e+00
3.730504428655346594e+00
nan
3.225271750309106622e+00
3.271898608965098543e+00
2.993795703844450706e+00
2.369954035145353632e+00
inf
3.947429406093585946e+00
3.066344697669470154e+00
-1.431048911441364369e-01
nan
4.310791339171000658e+00
1.171446304066436905e+00
2.892058637012876687e+00
3.155343407270249312e+00
nan
nan
2.960818210589085009e+00
nan
2.980687175239555398e+00
nan
3.510257050519071775e+00
3.412188096424901396e+00
nan
2.474650254325972298e+00
2.194063814702039927e+00
1.981874983789551958e+00
1.715776217537067216e+00
nan
2.368043046446731914e+00
3.644182402069938043e+00
7.683757435068437891e-01
nan
7.531332033109026103e-01
2.085330510896425515e+00
2.377374889963315585e+00
1.428855595719424665e+00
nan
nan
2.750299836465806003e+00
3.783810278582904196e+00
2.991333036710473792e+00
3.576688152954815569e-01
9.797063299389597857e-01
nan
-1.596554212934873651e-01
inf
3.380523284144056451e+00
2.133260366298552757e+00
1.663911795346941294e-02
nan
inf
3.299594847353670701e+00
1.690540344354592106e+00
3.665725523198271940e+00
2.668478697757719509e+00
2.553421505301437744e+00
2.624258872311000967e+00
2.909034872097131075e+00
2.907041194922715288e+00
nan
2.671709261780690348e+00
9.635153731842750480e-01
3.094641927114906821e+00
2.814057572954826725e+00
2.824305785435501370e+00
3.591111084267395892e+00
nan
3.156026232722823011e+00
3.815327095986852157e+00
-1.451773358778161827e+00
nan
3.857647183875352770e+00
4.283061470728359410e+00
2.010192198541973951e+00
6.458785466849443768e-01
nan
2.844356529614170181e+00
2.792853049498513318e+00
2.890593136794398443e+00
4.043199672948662560e+00
nan
2.479824389681844377e+00
nan
3.421295348846168149e+00
2.378695675868961246e+00
-5.244966086697812058e-01
3.241590088034238981e+00
3.679513701158430905e+00
5.774639659736874320e-01
nan
nan
4.135647847379971154e+00
2.191799825470163388e+00
2.951592957262273664e+00
nan
2.941111325183986214e+00
nan
nan
3.416482885678488124e+00
2.505053244044835203e+00
3.612479168615153391e+00
3.005001565915974115e+00
1.395439926600375413e+00
nan
3.128539874839249890e+00
nan
nan
1.819886571076045456e+00
nan
nan
2.334770361126986327e+00
3.238172602459596039e+00
3.898462182426507550e+00
3.314475766098593290e+00
2.116842508321837180e+00
2.899855998694979675e+00
3.325100570741721384e+00
3.949578099128896458e+00
-2.931261760158263702e-02
3.085911605799524171e+00
3.875321020592814136e+00
2.968822512315234530e+00
2.171224013555833832e+00
3.212963181562006998e+00
3.359877129024245956e+00
nan
2.134393253540653568e+00
3.627070729344959332e+00
1.911267897750833722e+00
-4.955988099478898512e+00
3.958383131719368730e+00
-5.067248122079852202e+00
inf
3.168875314950422961e+00
nan
2.472919371334373118e+00
4.046877522947085026e+00
2.629626483174727802e+00
3.662070994626995368e+00
8.680296413649528642e-01
4.020491727585164377e+00
3.025438555370699500e+00
inf
3.675357102151331379e+00
3.076376575226245080e+00
3.260916872498273111e+00
3.718489863336323697e+00
2.269143829811846036e+00
3.041184518296010886e+00
1.678125241981320848e+00
2.561834835830434365e+00
1.536837115567328826e-01
2.913838351165428886e+00
1.202524384967717630e+00
3.317415793487559217e+00
1.547343226540144556e+00
3.735889510595240992e+00
3.496447978960513403e+00
1.362122651974912113e+00
3.267601851717784278e+00
2.740729328645735929e+00
3.688936008804187150e+00
-5.548189918739794280e-01
1.228050117002068786e+00
3.703072614714006505e+00
3.009803224928195853e+00
1.704408123066678549e+00
3.685073603326341818e+00
nan
3.690864255365748914e+00
2.430093715243605956e+00
4.438051892399482057e+00
1.255498188434865492e+00
3.441099498491378306e+00
inf
-5.897577648874593459e-01
1.685968162966450246e+00
-7.682320281474790402e-01
2.161975598213924599e+00
1.142186505936558127e+00
2.970727287942787065e+00
3.020968536575776575e+00
3.264851970212584664e+00
3.024122842411953727e+00
nan
nan
3.230407705777663896e+00
1.654813338611761830e+00
-4.245536775770189841e+00
1.085684526957569007e+00
3.207544428398189318e+00
nan
2.069033390637213810e+00
3.328069029331890860e+00
4.040520118976134611e+00
2.995737966477880931e+00
3.461785888709985048e+00
3.172351890425768151e+00
3.219810906683806540e+00
3.955130173156826245e+00
4.033757738771670098e+00
nan
1.887272006326103480e+00
2.241652624754288947e+00
2.137076197406786893e+00
2.774240367449573252e+00
7.072799803986239420e-01
2.396579831895476964e+00
nan
3.519042846384749623e+00
1.871051782492748394e+00
3.082011796141548299e+00
3.269646475266587249e+00
3.247293749369493998e+00
6.973956444035337432e-01
nan
nan
3.743529808630156275e+00
3.047598118183473925e+00
1.596065686201436407e+00
2.062138687135611548e+00
1.565335538810162408e+00
nan
1.990245567536129023e+00
1.547125505921741917e+00
3.479302781959934254e+00
nan
1.327592279661953034e+00
3.202865095149983521e+00
2.941084371134753406e-01
3.851843368443450100e+00
nan
2.584206645844735917e+00
nan
1.881090297809717038e+00
3.998539082271761025e+00
2.002804112095212474e+00
3.580645535759168219e+00
3.081815695040787340e+00
2.748458791715385097e+00
3.683822985678714357e+00
3.550726705684601470e+00
nan
1.983958076689603445e+00
nan
nan
3.697959381127386980e+00
3.244370930612186399e+00
3.653250483915073676e+00
3.809202319623318900e+00
2.856010984301636246e-01
2.657838859557417610e+00
2.999277793705554362e+00
3.267048010794738389e+00
1.929275679951270472e+00
2.997751934876030422e+00
3.168433930307530400e+00
2.270940331813910529e+00
nan
3.941387665167062515e+00
nan
nan
1.689166742863061454e+00
2.093330012008525642e+00
nan
nan
3.530864958892505623e+00
3.252078747674655990e+00
2.343285899848730036e+00
nan
4.347267484596423870e+00
3.263894951984510406e+00
1.921180527097078983e+00
3.388240575448879799e+00
2.921998453763317460e+00
-1.584717682112902315e+00
2.361839337377386272e+00
2.820384751970944404e+00
3.223618393473132837e+00
2.126690565624036466e+00
2.787736428401671684e+00
3.635454831033379186e+00
nan
2.878587297756513230e+00
2.100639928442727733e+00
nan
nan
nan
1.365350571548885172e+00
nan
1.512665724378369658e+00
4.036169413380643611e+00
3.642240393292077716e+00
3.266509870678078187e+00
4.127977683505082318e+00
3.338686424229045269e+00
1.018686733485398177e+00
2.697648135728210494e+00
1.883983244583642636e+00
3.039845872342214594e+00
-4.041673164056889256e+00
2.692735256414481526e+00
nan
2.378848016533171350e+00
nan
1.031652665264761293e+00
4.377374543537017715e+00
2.906550160722112697e+00
3.544559589989952020e+00
3.448650874822367207e+00
3.502736599088490443e+00
nan
nan
3.493509730135774483e+00
4.021814802599179117e+00
2.707180815524208750e+00
4.613630835848765877e+00
nan
3.514006286954251657e+00
4.403663706569850511e+00
nan
-2.743844515659354943e+00
-3.694964798754556412e+00
nan
5.744285448134183181e-01
8.690120963239696961e-01
3.514773629247626152e-01
-2.716716528851919499e+00
2.369268477550229957e+00
2.987555860233924054e+00
nan
3.203419769858188548e+00
nan
1.849132714950889822e+00
3.192490233713544345e+00
nan
2.342624634637288317e+00
3.789944641869285480e+00
3.479364162654924986e+00
2.493857958414344544e+00
1.371319295642930758e+00
2.244735467460276190e+00
3.039534354828995255e+00
nan
2.872458157547821855e+00
1.293498495522575675e+00
2.846898492994252461e+00
nan
nan
1.472016593656756189e+00
8.553910559425587090e-01
4.034029663515769748e+00
3.048016765322073329e+00
nan
nan
2.170007273136481896e+00
2.797018226844084854e+00
2.306722332815087650e+00
nan
nan
nan
1.612213938689353032e+00
3.273754297169211291e+00
nan
3.430717584703852463e+00
nan
2.080610537602191723e+00
nan
1.425205941087555050e+00
nan
nan
2.573052429137174801e-01
nan
3.511932379439515195e+00
nan
3.539026559495682012e+00
3.423543095228350985e+00
3.717131732915177622e+00
1.677849972854094540e+00
3.967288073083677702e+00
3.032148054000634918e+00
4.916688318424428106e-01
1.857770937778559617e+00
2.855752194101871311e+00
3.058171724248430756e+00
-2.753060776900086992e-01
2.238704816113886942e+00
-4.095474654921925861e+00
3.915326283388688822e+00
3.464797908364911638e+00
3.229497271627877808e+00
4.079198209524495411e+00
3.165048769575733001e+00
3.182345466228474695e+00
2.295746272542576794e+00
3.265190665569087436e+00
nan
3.339482154294592053e+00
1.074638725113554516e+00
2.747362195699196263e+00
3.711883806116698103e+00
5.049014601323861262e-01
1.168829249147793181e+00
3.365065550764764879e+00
4.403684882837727521e+00
nan
3.056880225520902883e+00
nan
3.643869618415627620e+00
-1.989167407988934766e+00
3.044306618766093653e+00
2.978239846529889157e+00
4.031911686393679362e-01
3.248086626950964728e+00
2.140819184287503951e+00
2.432208481350242479e+00
3.698846944499268652e+00
-2.583888705094651073e+00
-2.269617198002879643e+00
3.802321363643849317e+00
2.921128434585993361e+00
3.517897401801771018e+00
3.792117144694127973e+00
1.924415862262714105e+00
2.394392835778134554e+00
3.951233960123876621e+00
3.821187487357790236e+00
1.993393265053576391e+00
nan
-2.926111502309501233e+00
3.032019506422552801e+00
1.451033311763275879e+00
3.546378284194081409e+00
3.131924252409174159e+00
nan
nan
2.556222148916097670e+00
nan
3.520429955523117105e+00
nan
2.827832806369861451e+00
nan
nan
2.669659416245345973e+00
nan
nan
3.699401724136308189e+00
nan
nan
3.960881378672106212e+00
-3.034400962501121679e+00
1.651867288874253381e+00
4.119436920409696334e+00
1.910127568950438892e+00
3.145641677685610649e+00
nan
3.376894527282236602e+00
4.440195571640034089e+00
3.626794062217882697e+00
2.383445401195189550e+00
nan
1.858583240909223930e-02
3.660036509449207109e+00
1.671592419856428924e+00
nan
4.139044044956287749e+00
nan
2.164697432059592863e+00
1.664076848996033364e+00
1.293555567278614982e+00
2.395598634032890306e+00
1.973691374932902809e+00
nan
2.566130931395397052e+00
1.738762138547553349e+00
3.366247400999321293e+00
3.312087403758568360e+00
nan
-1.597017269003158768e+00
3.650716440491170722e+00
nan
3.339324779580243874e+00
-1.122015557615465120e+00
3.162632601480977801e+00
2.960876150839144572e+00
2.724269373747909562e+00
2.393014332335024807e+00
nan
3.912189859763453015e+00
3.487978744709704149e+00
nan
2.276743317245109033e+00
1.916018686099435264e+00
3.743669520489227853e-01
1.905425431844762985e+00
nan
-1.380159646350312130e-01
2.968987949571254337e+00
nan
1.461916035611563913e+00
nan
3.083096514503359309e+00
nan
nan
1.651525537181740777e+00
1.842466302722720162e+00
2.950477696265872751e+00
2.187605453859237770e+00
3.689999632692096743e+00
nan
nan
3.011942470267391592e+00
2.424219408976725720e+00
3.668289399781349935e+00
3.303312672554912233e+00
3.152193732611794363e+00
2.428165035682875228e+00
nan
2.831730343197011557e+00
1.267717847142627585e+00
-1.279561006250222732e+00
3.830317130926092606e+00
3.273804085839546296e+00
nan
2.573781812064924068e+00
nan
1.600869503171287400e+00
nan
3.104556024774211220e+00
nan
1.372787158939595908e+00
4.031213819480632843e+00
6.189178936075707682e-01
3.680153497344954339e+00
2.408962980838939227e+00
4.359232854298168647e+00
2.832131822759732298e+00
2.155745549388319748e+00
2.637043515747235917e-02
3.906985345563448675e+00
1.589650723352434625e+00
3.768519265033987597e+00
1.215178344145964484e+00
3.686075038196757081e+00
1.436915415967854770e+00
nan
inf
nan
-2.433526128549458711e+00
1.233502117482122795e+00
2.752100155449546559e+00
2.138260742051166563e+00
1.737462190818033436e+00
3.516931701744392846e+00
2.883563422015675837e+00
1.665582151292751112e+00
3.912449349933921461e+00
nan
1.595150641159758242e+00
3.435254637631146579e+00
3.438452951196278473e+00
-8.552603808253832485e-01
3.182112842775397521e+00
nan
9.492240202702076912e-01
3.241942519373161247e+00
3.336567981575100816e+00
3.318824402069441071e+00
3.954720493449021657e+00
nan
3.056796402521305023e+00
2.791012247969870685e+00
3.509354742004356265e+00
3.403352791317101111e+00
3.451771856530092109e+00
3.478868578054328697e+00
2.837514904224935020e+00
nan
3.290129364865167272e+00
1.366959246368380620e+00
3.250450758254431083e+00
nan
3.506435709125322653e+00
1.943356901019821059e+00
nan
1.582742117018476780e+00
2.427828863804605941e+00
1.825967393181488818e+00
2.907907789054927861e+00
nan
1.909134228659476573e+00
nan
2.994432921154623450e+00
nan
nan
3.804173486953938976e+00
2.407649730244675990e+00
1.480643816823757453e+00
nan
2.590992448727084785e+00
3.226244879640372876e+00
3.985002884883787733e+00
3.549288528127640063e+00
1.774196594516269432e+00
2.369941458021641800e+00
nan
3.276539898750501667e+00
2.203374753178937606e+00
3.492703788737592241e+00
3.983228719313626431e+00
1.971179452155285006e-01
2.637118369037776855e+00
3.755632897647671165e+00
nan
3.292499769169803692e+00
3.814289054241597032e+00
3.774119095638596821e+00
1.466904919106820193e+00
nan
2.887731109886694458e+00
1.792112747275333540e+00
nan
4.462106959995795208e+00
nan
3.042680822832789733e+00
4.502690638990801908e+00
1.620402989707415475e+00
nan
1.800762886350953496e+00
1.908126953158143069e+00
nan
4.003416193754279817e+00
5.852716093857538576e-02
2.905973927155953707e+00
2.922426257002939121e+00
2.592354826607561336e+00
2.947253732366428292e+00
nan
nan
3.287576580806642390e+00
1.100213971682949321e+00
2.580461504283305896e+00
nan
2.758801307127547453e+00
2.794631724924520277e+00
4.157695310095818719e+00
nan
nan
-4.717154940226414794e+00
3.291905060759672708e+00
4.944623966067734355e-01
1.536487571364163252e+00
-6.491024571280507027e-01
3.580963358949432962e+00
2.894319739780494505e+00
3.722054759835396354e+00
3.087246608743061227e+00
3.322084109063187185e+00
nan
3.396300333716733011e+00
nan
9.391207741298628342e-01
2.039104384422805616e+00
3.401818138284465665e+00
3.918847988107998059e+00
4.150962165716768126e+00
2.549751470991791003e+00
3.066078315220523098e+00
3.865793024475080997e-01
3.838631741360732708e+00
1.851131246595881352e+00
3.390916948613559079e+00
nan
-1.902308562804806147e-01
3.318570492631220059e+00
nan
2.781968802535420782e+00
3.162981953275567637e+00
6.951051633307961941e-01
7.603305007656184777e-01
1.037478793792582010e+00
2.859381829750228476e+00
4.297184082454125864e+00
2.628648345732125247e+00
3.004499466201143498e+00
3.668829504284610188e+00
2.164623559559061938e+00
1.635582028786873643e+00
3.232630083429842927e+00
3.142888568056725784e+00
nan
1.746967915716795883e+00
3.344897053997572201e+00
3.439809976965401805e+00
3.134762361953441712e+00
2.420422206435576484e+00
2.104737488288345393e+00
nan
-3.691536319750104989e-01
2.033281143826895843e+00
nan
2.802426143778610435e+00
nan
nan
1.256982708852130370e+00
2.762306219290130205e+00
9.261059071085506744e-01
2.619277634525718490e+00
3.494891061723426784e+00
1.956168182847267456e+00
3.932531990800026911e+00
3.842220233610429858e+00
3.838253634618579380e+00
3.189132381713061015e+00
1.711774630205881831e+00
3.106439596960284710e+00
3.630405885433267699e+00
2.723884129731960257e+00
nan
2.551386341004256320e+00
1.198772312114110061e+00
2.308734880693285252e+00
3.050244117613435613e+00
3.935279827983028333e+00
nan
3.649587393033968841e+00
2.183206626453398691e+00
4.001014672907656333e+00
1.434148548580540972e+00
3.569978040906920835e+00
nan
nan
3.055608579630911592e+00
3.803405009039140694e+00
nan
-6.700463298195762085e-02
nan
nan
1.357330080501494507e+00
2.683709826334371051e+00
3.218067280753593717e+00
3.713739601316540462e+00
2.407661257204475103e+00
3.245275723607735863e+00
2.317346259015385268e+00
nan
3.854361118319384882e+00
7.845507368942872262e-01
2.317821443456731689e+00
2.924895141801293175e+00
3.399770900731436285e+00
3.420460287761429630e+00
3.622456767635230612e+00
3.120080344270128592e+00
nan
nan
4.024570134116669529e+00
3.517505254576549056e+00
1.933305797821287753e+00
nan
nan
inf
3.055400495988598308e+00
2.871327053066555557e+00
3.193774446864106498e+00
2.516979378860864536e+00
nan
nan
3.274294801626129736e+00
3.242531262344610088e+00
nan
3.191983809800859273e+00
-3.707634298095069170e+00
1.411210606873054829e-01
nan
1.315523159950716225e+00
3.722645781222040373e+00
4.015858771528003857e+00
2.541132033697544035e+00
2.897662641561205454e+00
3.962796985575026909e+00
2.367195020733177557e+00
3.203036820458525114e+00
3.762251677832456842e+00
3.119615945700771942e+00
3.805994318204345639e+00
nan
4.008006737602731739e+00
2.864654054202339317e+00
1.149295835220471851e+00
2.954473600215569817e+00
2.381141593461777894e+00
2.829933988115595156e+00
3.283658745846854465e+00
1.203154411166813098e+00
1.524418477585507858e+00
-6.068794469989120532e-01
2.362342100960658442e+00
9.525595748667707863e-01
3.799253612217945886e+00
nan
2.727044559786325539e+00
4.152112851557547835e+00
2.633104476964243990e+00
3.505032925687242784e+00
1.569425152859010852e+00
nan
nan
2.126724669288714065e+00
nan
nan
2.305956037552868931e+00
nan
3.161936649446601244e+00
2.110940502936119234e+00
2.884643260487451233e+00
3.501710109526169568e+00
3.509819917484857665e+00
3.562893005053989093e+00
1.268973800380183592e+00
3.088864901767012672e+00
nan
3.201701295439333794e+00
nan
3.322367731961369142e+00
2.779875695603918562e+00
1.891120623404677348e+00
nan
8.174956860599679187e-01
3.103442591820609220e+00
nan
2.816458301122997554e+00
nan
-4.773252259563109945e+00
3.240072384807932693e+00
3.172051633836689533e+00
3.204659491017262329e+00
3.720009256462704528e+00
3.123633503444048998e+00
3.408449993933219790e+00
3.063031069426217279e+00
nan
2.850508338235953620e-01
nan
3.757259681605201074e+00
3.933287049983565264e+00
2.722509704228143423e+00
nan
nan
3.322758340771846619e+00
6.823097437318755842e-01
-1.739670190953183537e+00
3.722617944358626030e+00
nan
3.918674432250533801e+00
nan
1.199638614082732646e+00
3.058655717850514932e+00
nan
nan
2.380564077027309100e+00
1.868894575795594148e+00
3.233611358287111326e+00
3.050848643943530725e+00
1.777653376681958441e+00
1.781447647792544053e+00
8.952499255251812338e-01
1.906229702175741059e+00
nan
8.909930647642513302e-01
nan
2.196328427285122231e+00
2.612094893588556399e+00
nan
3.314842164136014624e+00
7.295875660782394911e-01
nan
3.269492685248187147e+00
3.921016983179884452e+00
2.908818150319222973e+00
3.378699687969927368e+00
3.436310972876199354e+00
3.668012445682097500e+00
3.748835610203514968e+00
2.553540996238893523e+00
3.280308364026709445e+00
nan
3.614536483664845701e+00
2.196043267595775728e+00
3.794712978022124261e+00
nan
3.810173835162204981e+00
2.026051485586555234e+00
nan
3.293432694664121030e+00
3.364227664560730524e+00
1.107112898887260277e+00
4.013769035240574823e+00
nan
3.977437031651794630e+00
4.100114041656404140e+00
nan
3.183527714078373094e+00
1.835487994192620764e+00
1.468894784439027656e+00
4.040602134368339371e+00
nan
nan
nan
nan
3.215081091923371659e+00
3.009738054211633873e+00
3.471921633203906232e+00
1.533853976999608681e+00
3.782778690924115672e+00
nan
nan
3.158176573257586384e+00
2.854906638778708317e+00
3.220619392188497354e+00
3.145201443528376384e+00
1.994286077964731785e+00
4.552123521504409354e+00
3.026988128065839057e+00
1.973087975367884939e+00
3.446270516145899521e+00
2.703656613991913371e+00
8.715037956797391239e-01
3.856102054736607165e+00
2.334056421712440876e+00
1.909532973876488571e+00
1.589564044353564798e+00
3.075902451597083864e+00
nan
9.102301783496387078e-01
3.142808870439565139e-01
3.820625074541169619e-01
nan
3.642950042899232965e+00
6.067672876222197920e-02
2.634967908352602084e+00
3.237917527724695876e+00
4.573910262010008942e+00
nan
2.237786940693335058e+00
nan
-4.883257188410674132e+00
2.633461320459593580e+00
1.883899860155029859e+00
nan
3.684836421380768723e+00
9.941011392729056650e-01
2.697806266768308259e+00
3.452303980032775943e+00
2.833874625211453946e+00
3.302770294409377083e+00
2.030535659628077916e+00
3.647368153258164991e+00
2.976377649079837706e+00
2.139117470780748764e+00
2.897385219519289290e+00
3.636278914960074271e+00
-2.413726727326667154e-01
