dD	 D	 
0.0	1.0
0.0	1.0
0.0	1.0
0.0	1.0
0.0	1.0
0.0	1.0
0.0	1.0
0.0	1.0
0.0	1.0
0.0	1.0
0.0	1.0
0.0	1.0
0.0	1.0
0.0	1.0
0.0	1.0
0.0019999879357228438	1.0040080160320641
0.004882493891996489	1.0160320641282565
0.00781573938614983	1.034068136272545
0.011956758339735803	1.060120240480962
0.02613361060966256	1.154308617234469
0.04239564589002312	1.2965931863727456
0.06963935439970845	1.5851703406813626
0.11192744203670485	2.0480961923847696
0.17059479035659786	2.80561122244489
0.2492097434053057	3.973947895791583
0.3358874653723415	5.577154308617234
0.4522353639207412	7.897795591182365
0.6031996448793342	11.27254509018036
0.7752714409168501	15.607214428857715
0.9806062493821242	21.322645290581164
1.2082321629290884	28.501002004008015
1.4659701536247467	37.675350701402806
1.7407801936343463	48.86773547094188
2.01700867340482	61.787575150300604
2.290749794124301	76.45490981963928
2.5685974667399813	93.29258517034069
2.8354003827244796	111.80360721442885
3.0732953479291942	131.50100200400803
3.2877197178164392	152.63326653306612
3.468694754215584	174.85170340681364
3.6084586029802876	197.59919839679358
3.70799963139934	220.7374749498998
3.7623514381095835	243.78957915831663
3.7735461685563525	266.17034068136275
3.7526953286099918	288.2765531062124
3.6878256968465792	309.4689378757515
3.5955702846625925	329.3306613226453
3.4756253559134374	347.8817635270541
3.332927279361691	365.1302605210421
3.167636402032237	381.3787575150301
2.992969118141061	396.11623246492985
2.814676038512326	409.4529058116232
2.6311404923191857	421.2184368737475
2.4367263060143896	432.2044088176353
2.2543848018153256	441.5731462925852
2.07848748434376	449.8076152304609
1.90674543815977	456.99799599198394
1.7427472571474865	463.2064128256513
1.5828542880169416	468.86573146292585
1.4363444376408505	473.6492985971944
1.2951894446050176	477.75551102204406
1.1632059900542426	481.32064128256513
1.0399816019072357	484.21042084168334
0.928759322455766	486.72945891783564
0.8246991231715135	488.84769539078155
0.7284609671524365	490.6693386773547
0.6337969090829517	492.186372745491
0.5568755294393438	493.3887775551102
0.4855307877770959	494.4629258517034
0.41392853285391484	495.34068136272543
0.347125139087824	496.14028056112227
0.2931320177837156	496.7014028056112
0.24567664578545323	497.19038076152304
0.20418581516367323	497.57915831663325
0.17258494776977024	497.8677354709419
0.14245414611944515	498.12625250501003
0.11603408982189693	498.32264529058114
0.09417461864764771	498.4909819639279
0.08067266219530374	498.59719438877755
0.06408569738084499	498.70741482965934
0.05380351470403449	498.78356713426854
0.04322834404701448	498.8557114228457
0.03949440648550877	498.8977955911824
0.03591999447926278	498.92985971943887
0.03433058989840572	498.9539078156313
0.03339993949097748	498.9699398797595
0.03190409095726734	498.98597194388776
0.03177948240397647	498.9899799599198
0.031590883745020344	498.99799599198394
0.031654383328691006	499.00200400801606
0.031654383328691006	499.00200400801606
0.031654383328691006	499.00200400801606
0.031654383328691006	499.00200400801606
0.031654383328691006	499.00200400801606
0.031654383328691006	499.00200400801606
0.031654383328691006	499.00200400801606
0.031654383328691006	499.00200400801606
0.031654383328691006	499.00200400801606
0.031654383328691006	499.00200400801606
0.031654383328691006	499.00200400801606
0.031654383328691006	499.00200400801606
0.031654383328691006	499.00200400801606
0.031654383328691006	499.00200400801606
0.031654383328691006	499.00200400801606
0.031654383328691006	499.00200400801606
0.031654383328691006	499.00200400801606
0.031654383328691006	499.00200400801606
0.031654383328691006	499.00200400801606
0.031654383328691006	499.00200400801606
0.031654383328691006	499.00200400801606
0.031654383328691006	499.00200400801606
0.031654383328691006	499.00200400801606
0.031654383328691006	499.00200400801606
0.031654383328691006	499.00200400801606
0.031654383328691006	499.00200400801606
0.031654383328691006	499.00200400801606
0.031654383328691006	499.00200400801606
0.031654383328691006	499.00200400801606
0.031654383328691006	499.00200400801606
0.031654383328691006	499.00200400801606
0.031654383328691006	499.00200400801606
0.031654383328691006	499.00200400801606
0.031654383328691006	499.00200400801606
0.031654383328691006	499.00200400801606
0.031654383328691006	499.00200400801606
0.031654383328691006	499.00200400801606
0.031654383328691006	499.00200400801606
0.031654383328691006	499.00200400801606
0.031654383328691006	499.00200400801606
0.031654383328691006	499.00200400801606
0.031654383328691006	499.00200400801606
0.031654383328691006	499.00200400801606
0.031654383328691006	499.00200400801606
0.031654383328691006	499.00200400801606
0.031654383328691006	499.00200400801606
0.031654383328691006	499.00200400801606
0.031654383328691006	499.00200400801606
0.031654383328691006	499.00200400801606
0.031654383328691006	499.00200400801606
0.031654383328691006	499.00200400801606
0.031654383328691006	499.00200400801606
0.031654383328691006	499.00200400801606
0.031654383328691006	499.00200400801606
0.031654383328691006	499.00200400801606
0.031654383328691006	499.00200400801606
0.031654383328691006	499.00200400801606
0.031654383328691006	499.00200400801606
0.031654383328691006	499.00200400801606
0.031654383328691006	499.00200400801606
0.031654383328691006	499.00200400801606
0.031654383328691006	499.00200400801606
0.031654383328691006	499.00200400801606
0.031654383328691006	499.00200400801606
0.031654383328691006	499.00200400801606
0.031654383328691006	499.00200400801606
0.031654383328691006	499.00200400801606
0.031654383328691006	499.00200400801606
0.031654383328691006	499.00200400801606
0.031654383328691006	499.00200400801606
0.031654383328691006	499.00200400801606
0.031654383328691006	499.00200400801606
0.031654383328691006	499.00200400801606
0.031654383328691006	499.00200400801606
0.031654383328691006	499.00200400801606
0.031654383328691006	499.00200400801606
0.031654383328691006	499.00200400801606
0.031654383328691006	499.00200400801606
0.031654383328691006	499.00200400801606
0.031654383328691006	499.00200400801606
0.031654383328691006	499.00200400801606
0.031654383328691006	499.00200400801606
0.031654383328691006	499.00200400801606
0.031654383328691006	499.00200400801606
0.031654383328691006	499.00200400801606
0.031654383328691006	499.00200400801606
0.031654383328691006	499.00200400801606
0.031654383328691006	499.00200400801606
0.031654383328691006	499.00200400801606
0.031654383328691006	499.00200400801606
0.031654383328691006	499.00200400801606
0.031654383328691006	499.00200400801606
0.031654383328691006	499.00200400801606
0.031654383328691006	499.00200400801606
0.031654383328691006	499.00200400801606
0.031654383328691006	499.00200400801606
0.031654383328691006	499.00200400801606
0.031654383328691006	499.00200400801606
0.031654383328691006	499.00200400801606
0.031654383328691006	499.00200400801606
0.031654383328691006	499.00200400801606
0.031654383328691006	499.00200400801606
0.031654383328691006	499.00200400801606
0.031654383328691006	499.00200400801606
0.031654383328691006	499.00200400801606
0.031654383328691006	499.00200400801606
0.031654383328691006	499.00200400801606
0.031654383328691006	499.00200400801606
0.031654383328691006	499.00200400801606
0.031654383328691006	499.00200400801606
0.031654383328691006	499.00200400801606
0.031654383328691006	499.00200400801606
0.031654383328691006	499.00200400801606
0.031654383328691006	499.00200400801606
0.031654383328691006	499.00200400801606
0.031654383328691006	499.00200400801606
0.031654383328691006	499.00200400801606
0.031654383328691006	499.00200400801606
0.031654383328691006	499.00200400801606
0.031654383328691006	499.00200400801606
0.031654383328691006	499.00200400801606
0.031654383328691006	499.00200400801606
0.031654383328691006	499.00200400801606
0.031654383328691006	499.00200400801606
0.031654383328691006	499.00200400801606
0.031654383328691006	499.00200400801606
0.031654383328691006	499.00200400801606
0.031654383328691006	499.00200400801606
0.031654383328691006	499.00200400801606
0.031654383328691006	499.00200400801606
0.031654383328691006	499.00200400801606
0.031654383328691006	499.00200400801606
0.031654383328691006	499.00200400801606
0.031654383328691006	499.00200400801606
0.031654383328691006	499.00200400801606
0.031654383328691006	499.00200400801606
0.031654383328691006	499.00200400801606
0.031654383328691006	499.00200400801606
0.031654383328691006	499.00200400801606
0.031654383328691006	499.00200400801606
0.031654383328691006	499.00200400801606
0.031654383328691006	499.00200400801606
0.031654383328691006	499.00200400801606
0.031654383328691006	499.00200400801606
0.031654383328691006	499.00200400801606
0.031654383328691006	499.00200400801606
0.031654383328691006	499.00200400801606
0.031654383328691006	499.00200400801606
0.031654383328691006	499.00200400801606
0.031654383328691006	499.00200400801606
0.031654383328691006	499.00200400801606
0.031654383328691006	499.00200400801606
0.031654383328691006	499.00200400801606
0.031654383328691006	499.00200400801606
0.031654383328691006	499.00200400801606
0.031654383328691006	499.00200400801606
0.031654383328691006	499.00200400801606
0.031654383328691006	499.00200400801606
0.031654383328691006	499.00200400801606
0.031654383328691006	499.00200400801606
0.031654383328691006	499.00200400801606
0.031654383328691006	499.00200400801606
0.031654383328691006	499.00200400801606
0.031654383328691006	499.00200400801606
0.031654383328691006	499.00200400801606
0.031654383328691006	499.00200400801606
0.031654383328691006	499.00200400801606
0.031654383328691006	499.00200400801606
0.031654383328691006	499.00200400801606
0.031654383328691006	499.00200400801606
0.031654383328691006	499.00200400801606
0.031654383328691006	499.00200400801606
0.031654383328691006	499.00200400801606
0.031654383328691006	499.00200400801606
0.031654383328691006	499.00200400801606
0.031654383328691006	499.00200400801606
0.031654383328691006	499.00200400801606
0.031654383328691006	499.00200400801606
0.031654383328691006	499.00200400801606
0.031654383328691006	499.00200400801606
0.031654383328691006	499.00200400801606
0.031654383328691006	499.00200400801606
0.031654383328691006	499.00200400801606
0.031654383328691006	499.00200400801606
0.031654383328691006	499.00200400801606
0.031654383328691006	499.00200400801606
0.031654383328691006	499.00200400801606
0.031654383328691006	499.00200400801606
0.031654383328691006	499.00200400801606
0.031654383328691006	499.00200400801606
0.031654383328691006	499.00200400801606
0.031654383328691006	499.00200400801606
0.031654383328691006	499.00200400801606
0.031654383328691006	499.00200400801606
0.031654383328691006	499.00200400801606
0.031654383328691006	499.00200400801606
0.031654383328691006	499.00200400801606
0.031654383328691006	499.00200400801606
0.031654383328691006	499.00200400801606
0.031654383328691006	499.00200400801606
0.031654383328691006	499.00200400801606
0.031654383328691006	499.00200400801606
0.031654383328691006	499.00200400801606
0.031654383328691006	499.00200400801606
0.031654383328691006	499.00200400801606
0.031654383328691006	499.00200400801606
0.031654383328691006	499.00200400801606
0.031654383328691006	499.00200400801606
0.031654383328691006	499.00200400801606
0.031654383328691006	499.00200400801606
0.031654383328691006	499.00200400801606
0.031654383328691006	499.00200400801606
0.031654383328691006	499.00200400801606
0.031654383328691006	499.00200400801606
0.031654383328691006	499.00200400801606
0.031654383328691006	499.00200400801606
0.031654383328691006	499.00200400801606
0.031654383328691006	499.00200400801606
0.031654383328691006	499.00200400801606
0.031654383328691006	499.00200400801606
0.031654383328691006	499.00200400801606
0.031654383328691006	499.00200400801606
0.031654383328691006	499.00200400801606
0.031654383328691006	499.00200400801606
0.031654383328691006	499.00200400801606
0.031654383328691006	499.00200400801606
0.031654383328691006	499.00200400801606
0.031654383328691006	499.00200400801606
0.031654383328691006	499.00200400801606
0.031654383328691006	499.00200400801606
0.031654383328691006	499.00200400801606
0.031654383328691006	499.00200400801606
0.031654383328691006	499.00200400801606
0.031654383328691006	499.00200400801606
0.031654383328691006	499.00200400801606
0.031654383328691006	499.00200400801606
0.031654383328691006	499.00200400801606
0.031654383328691006	499.00200400801606
0.031654383328691006	499.00200400801606
0.031654383328691006	499.00200400801606
0.031654383328691006	499.00200400801606
0.031654383328691006	499.00200400801606
0.031654383328691006	499.00200400801606
0.031654383328691006	499.00200400801606
0.031654383328691006	499.00200400801606
0.031654383328691006	499.00200400801606
0.031654383328691006	499.00200400801606
0.031654383328691006	499.00200400801606
0.031654383328691006	499.00200400801606
0.031654383328691006	499.00200400801606
0.031654383328691006	499.00200400801606
0.031654383328691006	499.00200400801606
0.031654383328691006	499.00200400801606
0.031654383328691006	499.00200400801606
0.031654383328691006	499.00200400801606
0.031654383328691006	499.00200400801606
0.031654383328691006	499.00200400801606
0.031654383328691006	499.00200400801606
0.031654383328691006	499.00200400801606
0.031654383328691006	499.00200400801606
0.031654383328691006	499.00200400801606
0.031654383328691006	499.00200400801606
0.031654383328691006	499.00200400801606
0.031654383328691006	499.00200400801606
0.031654383328691006	499.00200400801606
0.031654383328691006	499.00200400801606
0.031654383328691006	499.00200400801606
0.031654383328691006	499.00200400801606
0.031654383328691006	499.00200400801606
0.031654383328691006	499.00200400801606
0.031654383328691006	499.00200400801606
0.031654383328691006	499.00200400801606
0.031654383328691006	499.00200400801606
0.031654383328691006	499.00200400801606
0.031654383328691006	499.00200400801606
0.031654383328691006	499.00200400801606
0.031654383328691006	499.00200400801606
0.031654383328691006	499.00200400801606
0.031654383328691006	499.00200400801606
0.031654383328691006	499.00200400801606
0.031654383328691006	499.00200400801606
0.031654383328691006	499.00200400801606
0.031654383328691006	499.00200400801606
0.031654383328691006	499.00200400801606
0.031654383328691006	499.00200400801606
0.031654383328691006	499.00200400801606
0.031654383328691006	499.00200400801606
0.031654383328691006	499.00200400801606
0.031654383328691006	499.00200400801606
0.031654383328691006	499.00200400801606
0.031654383328691006	499.00200400801606
0.031654383328691006	499.00200400801606
0.031654383328691006	499.00200400801606
0.031654383328691006	499.00200400801606
0.031654383328691006	499.00200400801606
0.031654383328691006	499.00200400801606
0.031654383328691006	499.00200400801606
0.031654383328691006	499.00200400801606
0.031654383328691006	499.00200400801606
0.031654383328691006	499.00200400801606
0.031654383328691006	499.00200400801606
0.031654383328691006	499.00200400801606
0.031654383328691006	499.00200400801606
0.031654383328691006	499.00200400801606
0.031654383328691006	499.00200400801606
0.031654383328691006	499.00200400801606
0.031654383328691006	499.00200400801606
0.031654383328691006	499.00200400801606
0.031654383328691006	499.00200400801606
0.031654383328691006	499.00200400801606
0.031654383328691006	499.00200400801606
0.031654383328691006	499.00200400801606
0.031654383328691006	499.00200400801606
0.031654383328691006	499.00200400801606
0.031654383328691006	499.00200400801606
0.031654383328691006	499.00200400801606
0.031654383328691006	499.00200400801606
0.031654383328691006	499.00200400801606
0.031654383328691006	499.00200400801606
0.031654383328691006	499.00200400801606
0.031717248292963	499.0060120240481
0.031780052214109684	499.0080160320641
0.0319983607705468	499.01402805611224
0.03227633931639621	499.0200400801603
0.032579993969642396	499.0280561122245
0.03347701936236424	499.04208416833666
0.034461621820968805	499.0561122244489
0.03661892397296892	499.08016032064126
0.040671627095086996	499.1202404809619
0.04725760154640641	499.17234468937875
0.05610168133206991	499.22645290581164
0.06276522603662933	499.29058116232466
0.07626820622083764	499.39078156312627
0.09339117127479067	499.52104208416836
0.11475114396681305	499.685370741483
0.142929338460082	499.89579158316633
0.17268534321824505	500.1302605210421
0.21387862876922428	500.51503006012024
0.2610400010254398	500.91983967935874
0.3096955502332741	501.40280561122245
0.3643300847982467	501.99799599198394
0.4225971039209972	502.6813627254509
0.4965448823740743	503.64128256513027
0.5710928040082685	504.68937875751504
0.6498282732887124	505.9318637274549
0.7427894970993143	507.501002004008
0.8332772619691197	509.25250501002006
0.9468311043386196	511.4729458917836
1.063294266935058	514.0340681362726
1.1742843309209017	516.8877755511022
1.3054300276942186	520.3827655310621
1.440794766539681	524.3687374749499
1.5892061218981968	529.0641282565131
1.74894225201626	534.7134268537075
1.91927773500587	541.2164328657315
2.0946760334716013	548.7074148296593
2.2730211129049183	557.0941883767536
2.4588038674362265	566.6332665330661
2.6454606446853255	577.3406813627255
2.830466634640794	589.2164328657315
3.012730364900065	602.7815631262525
3.1851087543138714	617.5531062124248
3.3519412933947788	633.813627254509
3.4930353784332655	651.3667334669339
3.610118874286985	670.188376753507
3.6990152369565132	690.0200400801604
3.755860887331932	710.8637274549098
3.7824065996887204	732.9258517034068
3.7643629541965775	755.4909819639279
3.7059822081314464	778.6472945891784
3.6026400792878244	801.3206412825651
3.4601661267248005	824.1162324649299
3.2737735072060086	846.4949899799599
3.061631323677803	867.6733466933867
2.821746938928563	887.6973947895791
2.5579862491277985	906.2084168336673
2.2924165383872084	922.7715430861723
2.0075893537631693	937.4949899799599
1.722396760192944	950.5751503006012
1.458591057977486	961.3547094188377
1.2085186958022218	970.5170340681362
0.9824746732336271	977.7575150300602
0.7824527435478908	983.4589178356713
0.6124911934287595	987.7815631262525
0.46618057425588005	991.0100200400801
0.3345651276469192	993.4689378757515
0.23449516944072898	995.1783567134269
0.16526144302181947	996.2965931863728
0.11253569131994326	997.0180360721442
0.07737522703903586	997.4328657314629
0.05425849798286694	997.6653306613226
0.03166061189173649	997.8336673346694
0.021006722794304895	997.9078156312626
0.013212773012972126	997.9539078156313
0.00915696975204678	997.9779559118236
0.004473908257940527	997.9919839679359
0.00245111725692536	997.9959919839679
0.001415627058175783	997.997995991984
0.0	998.0
0.0	998.0
0.0	998.0
0.0	998.0
0.0	998.0
0.0	998.0
0.0	998.0
0.0	998.0
0.0	998.0
0.0	998.0
0.0	998.0
0.0	998.0
0.0	998.0
