dD	 D	 
0.0	1.0
0.0	1.0
0.0	1.0
0.0	1.0
0.0	1.0
0.0	1.0
0.0	1.0
0.0	1.0
0.0	1.0
0.0	1.0
0.0	1.0
0.0	1.0
0.0	1.0
0.0	1.0
0.0	1.0
0.0	1.0
0.0	1.0
0.0	1.0
0.0	1.0
0.0	1.0
0.0	1.0
0.0	1.0
0.0	1.0
0.0	1.0
0.0	1.0
0.0	1.0
0.0	1.0
0.0	1.0
0.0	1.0
0.0	1.0
0.0	1.0
0.0	1.0
0.0	1.0
0.0	1.0
0.0	1.0
0.0	1.0
0.0	1.0
0.0	1.0
0.0	1.0
0.0	1.0
0.0	1.0
0.0	1.0
0.0	1.0
0.0	1.0
0.0	1.0
0.0	1.0
0.0	1.0
0.0	1.0
0.0	1.0
0.0	1.0
0.0	1.0
0.0	1.0
0.0	1.0
0.0	1.0
0.0	1.0
0.0	1.0
0.0	1.0
0.0	1.0
0.0	1.0
0.0	1.0
0.0	1.0
0.0	1.0
0.0	1.0
0.0	1.0
0.0	1.0
0.0	1.0
0.0	1.0
0.0	1.0
0.0	1.0
0.0	1.0
0.0	1.0
0.0	1.0
0.0	1.0
0.0	1.0
0.0	1.0
0.0	1.0
0.0	1.0
0.0	1.0
0.0	1.0
0.0	1.0
0.0	1.0
0.0	1.0
0.0	1.0
0.0	1.0
0.0	1.0
0.0	1.0
0.0	1.0
0.0	1.0
0.0	1.0
0.0	1.0
0.0	1.0
0.0	1.0
0.0	1.0
0.0	1.0
0.0	1.0
0.0	1.0
0.0	1.0
0.0	1.0
0.0	1.0
0.0	1.0
0.0	1.0
0.0	1.0
0.0	1.0
0.0	1.0
0.0	1.0
0.0	1.0
0.0	1.0
0.0	1.0
0.0	1.0
0.0	1.0
0.0	1.0
0.0	1.0
0.0	1.0
0.0	1.0
0.0	1.0
0.0	1.0
0.0	1.0
0.0	1.0
0.0	1.0
0.0	1.0
0.0	1.0
0.0	1.0
0.0	1.0
0.0	1.0
0.0	1.0
0.0	1.0
0.0	1.0
0.0	1.0
0.0	1.0
0.0	1.0
0.0	1.0
0.0	1.0
0.0	1.0
0.0	1.0
0.0	1.0
0.0	1.0
0.0	1.0
0.0	1.0
0.0	1.0
0.0	1.0
0.0	1.0
0.0	1.0
0.0	1.0
0.0	1.0
0.0	1.0
0.0	1.0
0.0	1.0
0.0	1.0
0.0	1.0
0.0	1.0
0.0	1.0
0.0	1.0
0.0	1.0
0.0	1.0
0.0	1.0
0.0	1.0
0.0	1.0
0.0	1.0
0.0	1.0
0.0	1.0
0.0	1.0
0.0	1.0
0.0	1.0
0.0	1.0
0.0	1.0
0.0	1.0
0.0	1.0
0.0	1.0
0.0	1.0
0.0	1.0
0.0	1.0
0.0	1.0
0.0	1.0
0.0	1.0
0.0	1.0
0.0	1.0
0.0	1.0
0.0	1.0
0.0	1.0
0.0	1.0
0.0	1.0
0.0	1.0
0.0	1.0
0.0	1.0
0.0	1.0
0.0	1.0
0.0	1.0
0.0	1.0
0.001415627058175783	1.002004008016032
0.001415627058175783	1.002004008016032
0.001415627058175783	1.002004008016032
0.001415627058175783	1.002004008016032
0.001415627058175783	1.002004008016032
0.0028227133604930804	1.0080160320641283
0.0037227661394983597	1.0140280561122244
0.004849414284189999	1.0240480961923848
0.005227199443233126	1.028056112224449
0.006787034005076148	1.0460921843687374
0.007570148988416922	1.0541082164328657
0.009881940367195186	1.0821643286573146
0.011580459144282787	1.1202404809619237
0.013129824309184105	1.1623246492985972
0.014582915287209054	1.2104208416833668
0.016535089244850434	1.282565130260521
0.01921768685479585	1.374749498997996
0.022302611370537663	1.4909819639278556
0.02519605992204088	1.6312625250501003
0.02852783314673262	1.811623246492986
0.0333327030197535	2.05811623246493
0.03732395692817349	2.3266533066132267
0.0428842195188333	2.68937875751503
0.0488566186980753	3.1122244488977957
0.056452128750147205	3.6773547094188377
0.06354246968190154	4.326653306613227
0.07044058313001222	5.118236472945892
0.07753887777214998	6.1783567134268536
0.08735418141148324	7.414829659318637
0.09643523737401306	8.875751503006011
0.1080303260889155	10.587174348697395
0.11892138656558063	12.617234468937875
0.1309045088906027	15.022044088176353
0.14224194173503685	17.799599198396795
0.1577044766717672	21.24248496993988
0.17862281501023733	25.302605210420843
0.19124873292849545	29.799599198396795
0.20568607445490178	35.1623246492986
0.2234827516989043	41.17635270541082
0.23618217370726471	47.79759519038076
0.2511166686565516	55.609218436873746
0.27158295104489966	64.29258517034069
0.2920060593616154	74.18236472945891
0.31266264771241126	85.05210420841684
0.332828581670025	97.29659318637275
0.3463434599753971	110.59519038076152
0.3638348296261669	125.18236472945891
0.3754350148996265	141.29659318637275
0.38681249871878715	158.55911823647295
0.4027055122720625	177.04809619238478
0.41840427036017375	196.81162324649299
0.4293438321419848	218.09218436873746
0.4315383632298876	240.40881763527054
0.44097180964708715	263.92985971943887
0.4530114515780112	288.2424849699399
0.457149119822621	313.9238476953908
0.46538438575025687	340.89579158316633
0.4691604304282878	368.6833667334669
0.46762799024623275	396.67735470941886
0.46852465000029436	425.26452905811624
0.4651033353487518	454.6372745490982
0.45924207401227335	483.9258517034068
0.4666057637051217	513.4188376753507
0.4617469269309417	542.8456913827655
0.4639231088570341	572.3026052104209
0.46989615717604005	601.5971943887776
0.4720395747040395	629.7875751503007
0.4659654137947423	657.3607214428857
0.4554393599844119	684.3607214428857
0.456587213251757	710.3787575150301
0.449912703987488	734.7074148296593
0.4354811832405147	758.3466933867735
0.4330357619031353	780.8537074148296
0.42198991629595045	801.9899799599199
0.41404276671682405	821.7515030060121
0.4046368276765883	840.3627254509018
0.38305031222214253	857.7374749498998
0.3718883639296916	873.6312625250501
0.35674297065849037	888.2304609218437
0.3384568398996892	901.3987975951903
0.31454826844741385	913.5791583166333
0.29143753441905623	924.6452905811623
0.26998373505023127	934.316633266533
0.24954779466044238	943.3507014028056
0.2312719413428234	951.1142284569138
0.21472298165413997	958.1683366733467
0.20032623983898	964.0881763527054
0.18662092748031708	969.3286573146293
0.1736150096174446	973.7755511022044
0.15727013308219776	977.5210420841684
0.14244194230422064	980.941883767535
0.12715467738739172	983.8376753507014
0.11782497983701455	986.2164328657315
0.10805723563954987	988.310621242485
0.09827754080013307	990.0460921843687
0.08613441737679461	991.503006012024
0.07928435324958677	992.7114228456913
0.07113785829389313	993.7515030060121
0.06151271011377804	994.6372745490982
0.055587107359792796	995.3587174348697
0.04855936360253781	995.9138276553106
0.042639688731971756	996.3366733466934
0.03660172196481494	996.7434869739479
0.032649704989549645	997.0160320641282
0.028642846182533425	997.2344689378757
0.025670487748227305	997.376753507014
0.022160792292025288	997.5190380761524
0.018757366916247364	997.6452905811623
0.016762773452023448	997.7274549098196
0.015067162770313145	997.7855711422845
0.012816850627761063	997.8436873747495
0.011558546528693021	997.869739478958
0.009342302987238206	997.9158316633267
0.008025313801777968	997.937875751503
0.006813072072296365	997.9579158316633
0.005742250887410644	997.9659318637274
0.004435970131719506	997.9799599198396
0.003975757833261663	997.9839679358718
0.002447009465775008	997.9939879759519
0.002447009465775008	997.9939879759519
0.001999987935722843	997.9959919839679
0.001999987935722843	997.9959919839679
0.001415627058175783	997.997995991984
0.0	998.0
0.0	998.0
0.0	998.0
0.0	998.0
0.0	998.0
0.0	998.0
0.0	998.0
0.0	998.0
0.0	998.0
0.0	998.0
0.0	998.0
0.0	998.0
0.0	998.0
0.0	998.0
0.0	998.0
0.0	998.0
0.0	998.0
0.0	998.0
0.0	998.0
0.0	998.0
0.0	998.0
0.0	998.0
0.0	998.0
0.0	998.0
0.0	998.0
0.0	998.0
0.0	998.0
0.0	998.0
0.0	998.0
0.0	998.0
0.0	998.0
0.0	998.0
0.0	998.0
0.0	998.0
0.0	998.0
0.0	998.0
0.0	998.0
0.0	998.0
0.0	998.0
0.0	998.0
0.0	998.0
0.0	998.0
0.0	998.0
0.0	998.0
0.0	998.0
0.0	998.0
0.0	998.0
0.0	998.0
0.0	998.0
0.0	998.0
0.0	998.0
0.0	998.0
0.0	998.0
0.0	998.0
0.0	998.0
0.0	998.0
0.0	998.0
0.0	998.0
0.0	998.0
0.0	998.0
0.0	998.0
0.0	998.0
0.0	998.0
0.0	998.0
0.0	998.0
0.0	998.0
0.0	998.0
0.0	998.0
0.0	998.0
0.0	998.0
0.0	998.0
0.0	998.0
0.0	998.0
0.0	998.0
0.0	998.0
0.0	998.0
0.0	998.0
0.0	998.0
0.0	998.0
0.0	998.0
0.0	998.0
0.0	998.0
0.0	998.0
0.0	998.0
0.0	998.0
0.0	998.0
0.0	998.0
0.0	998.0
0.0	998.0
0.0	998.0
0.0	998.0
0.0	998.0
0.0	998.0
0.0	998.0
0.0	998.0
0.0	998.0
0.0	998.0
0.0	998.0
0.0	998.0
0.0	998.0
0.0	998.0
0.0	998.0
0.0	998.0
0.0	998.0
0.0	998.0
0.0	998.0
0.0	998.0
0.0	998.0
0.0	998.0
0.0	998.0
0.0	998.0
0.0	998.0
0.0	998.0
0.0	998.0
0.0	998.0
0.0	998.0
0.0	998.0
0.0	998.0
0.0	998.0
0.0	998.0
0.0	998.0
0.0	998.0
0.0	998.0
0.0	998.0
0.0	998.0
0.0	998.0
0.0	998.0
0.0	998.0
0.0	998.0
0.0	998.0
0.0	998.0
0.0	998.0
0.0	998.0
0.0	998.0
0.0	998.0
0.0	998.0
0.0	998.0
0.0	998.0
0.0	998.0
0.0	998.0
0.0	998.0
0.0	998.0
0.0	998.0
0.0	998.0
0.0	998.0
0.0	998.0
0.0	998.0
0.0	998.0
0.0	998.0
0.0	998.0
0.0	998.0
0.0	998.0
0.0	998.0
0.0	998.0
0.0	998.0
0.0	998.0
0.0	998.0
0.0	998.0
0.0	998.0
0.0	998.0
0.0	998.0
0.0	998.0
0.0	998.0
0.0	998.0
0.0	998.0
0.0	998.0
0.0	998.0
0.0	998.0
0.0	998.0
0.0	998.0
0.0	998.0
0.0	998.0
0.0	998.0
0.0	998.0
0.0	998.0
0.0	998.0
0.0	998.0
0.0	998.0
0.0	998.0
0.0	998.0
0.0	998.0
0.0	998.0
0.0	998.0
0.0	998.0
0.0	998.0
0.0	998.0
0.0	998.0
0.0	998.0
0.0	998.0
