dD	 D	 
0.0	1.0
0.0	1.0
0.0	1.0
0.0	1.0
0.0	1.0
0.0	1.0
0.0	1.0
0.0	1.0
0.0	1.0
0.0	1.0
0.0	1.0
0.0	1.0
0.0	1.0
0.0	1.0
0.0	1.0
0.0	1.0
0.0	1.0
0.0	1.0
0.0	1.0
0.001415627058175783	1.002004008016032
0.0024511172569253604	1.0040080160320641
0.0031584386616913306	1.0080160320641283
0.004672335876328095	1.0160320641282565
0.008775484675746582	1.0360721442885772
0.011035270855985959	1.0521042084168337
0.014367045510036518	1.0801603206412826
0.02038273171998372	1.1422845691382766
0.029027737644237793	1.2384769539078155
0.0422354544183783	1.3867735470941884
0.06155417174876673	1.6332665330661322
0.0886413986839759	1.9899799599198398
0.11983602053527119	2.4529058116232463
0.16764139346235307	3.186372745490982
0.22238787991710673	4.1062124248497
0.2887957509138078	5.31062124248497
0.3610973499270284	6.8216432865731464
0.44723173720790954	8.823647294589179
0.5537122636451113	11.322645290581162
0.6662674557102876	14.428857715430862
0.799763379027839	18.180360721442884
0.9501374411264862	22.77555110220441
1.1161327694733558	28.256513026052104
1.2861290257684554	34.46092184368737
1.4787002622684031	41.76953907815631
1.6725340615542246	49.93587174348698
1.8649073116263468	58.98196392785571
2.0659464633100213	69.02605210420842
2.2627241416398576	80.37274549098197
2.45123882472974	92.43687374749499
2.641434150600138	105.87174348697395
2.8204077268570478	119.90380761523046
2.9871523263067363	134.95991983967937
3.141396956047062	150.81763527054107
3.2751483856978805	167.13627254509018
3.3942372718999194	183.74549098196394
3.488363802310313	200.9939879759519
3.5583991679790534	218.4448897795591
3.6045557913271207	236.23446893787576
3.628283689458739	253.49098196392785
3.629323247790249	270.5390781563126
3.6074106308998637	287.27254509018036
3.5655773231682852	303.23446893787576
3.504450054618992	319.05811623246495
3.424473219430655	334.2765531062124
3.33046598462443	348.60721442885773
3.215650591431788	362.6052104208417
3.0956433163115715	375.62525050100203
2.966228025028165	388.0120240480962
2.8346741741854036	399.3687374749499
2.693774247257207	409.82965931863725
2.5472342035250333	419.3547094188377
2.399789628227293	428.186372745491
2.2511814288685685	436.3707414829659
2.1058313950437597	443.501002004008
1.9606256726580422	450.23647294589176
1.8244533469397943	456.1823647294589
1.683858692019626	461.5871743486974
1.5466317340025233	466.35671342685373
1.4177493967666057	470.62725450901803
1.2884012262747897	474.57114228456913
1.1592214279995539	478.11623246492985
1.0432818958205925	481.1683366733467
0.935982440553832	483.7815631262525
0.8418684646848239	485.90180360721445
0.7461482661088082	487.9258517034068
0.6505368816702496	489.76553106212424
0.5738035436174402	491.22645290581164
0.502839766559702	492.5070140280561
0.4395247242888892	493.60721442885773
0.3833833829103627	494.49498997995994
0.3253044371536499	495.32264529058114
0.27839068021133934	495.9819639278557
0.23869411817116803	496.5170340681363
0.19812823636405347	497.0080160320641
0.16430704514664718	497.4188376753507
0.13050295741996643	497.7875751503006
0.09938570652141475	498.1182364729459
0.07447658729804159	498.4168336673347
0.05425593922061096	498.6833667334669
0.04288619003577915	498.8897795591182
0.04489029590519367	499.12224448897797
0.05932885696533314	499.35270541082167
0.0766205314096465	499.57915831663325
0.1005223321432802	499.85971943887773
0.12656042495438358	500.18036072144287
0.15782007594526487	500.5430861723447
0.19390032788952893	500.9699398797595
0.2350871777387641	501.4809619238477
0.27236451490269575	502.00200400801606
0.3188832698871139	502.67134268537075
0.37857558579207506	503.5270541082164
0.44329791071186164	504.56112224448896
0.5199334601764698	505.7214428857715
0.5867882870949869	506.9138276553106
0.6688409833177443	508.4709418837675
0.7503703578098195	510.1623246492986
0.8457503271618191	512.2585170340682
0.9484493012203854	514.5070140280561
1.052567894775338	517.1342685370741
1.163935398361948	520.1182364729459
1.28307951268389	523.4288577154308
1.412425862657145	527.3567134268537
1.54011809870489	531.7054108216433
1.6690655745899319	536.4128256513026
1.8039459206670523	541.7014028056112
1.953965328713038	548.0120240480962
2.103140053710568	554.8416833667335
2.2501936058111998	562.2685370741483
2.398433967649929	570.2925851703407
2.54671908524358	579.0841683366733
2.6910086033725586	588.5731462925852
2.8293696029602406	598.8296593186373
2.9665677849405374	610.3386773547094
3.0979379294350906	622.5811623246493
3.22038979982527	635.6312625250501
3.3360960091235157	649.7294589178357
3.43420460907566	664.3446893787575
3.518552669181163	679.6673346693386
3.583220831910705	695.4328657314629
3.6271626435273014	711.9579158316633
3.649972171418424	728.7294589178357
3.6447425298847627	745.6513026052104
3.619465472730785	762.9138276553106
3.573374174088747	780.1482965931864
3.5055497161844853	797.3947895791583
3.408693191580638	814.7695390781563
3.290045401858151	831.5711422845692
3.154541133768856	847.8356713426854
3.001915423759615	863.5350701402806
2.836591298466326	878.5110220440881
2.6544717226761274	892.8877755511022
2.462887538012159	906.3927855711423
2.2670616758583604	918.5811623246493
2.0674635061900406	929.629258517034
1.869251691465454	939.8496993987976
1.6708958426912421	949.0741482965932
1.475730234976591	957.2424849699398
1.2950735670593272	964.2945891783567
1.1212662283918289	970.7314629258517
0.9595508435933394	976.0380761523046
0.8089014741889794	980.5811623246493
0.6734087749236435	984.4849699398798
0.5569912739767837	987.5891783567134
0.4541003212673231	990.0300601202405
0.3673079318483493	992.002004008016
0.29175969135812446	993.5891783567134
0.22672257569924356	994.8316633266533
0.17514249486553343	995.7174348697395
0.1320680074338898	996.4148296593187
0.09911620616362345	996.9038076152304
0.07574907740160151	997.2304609218437
0.05191960657691087	997.5250501002004
0.03384908898310415	997.7154308617235
0.025493759958050224	997.813627254509
0.017471918810143035	997.8817635270541
0.011743843204349862	997.9318637274549
0.008154642340649195	997.9579158316633
0.005616842098220986	997.9759519038076
0.004220743348380929	997.9839679358718
0.0034565216586820687	997.9899799599199
0.001999987935722843	997.9959919839679
0.0014156270581757828	997.997995991984
0.0	998.0
0.0	998.0
0.0	998.0
0.0	998.0
0.0	998.0
0.0	998.0
0.0	998.0
0.0	998.0
0.0	998.0
0.0	998.0
0.0	998.0
0.0	998.0
0.0	998.0
0.0	998.0
0.0	998.0
0.0	998.0
0.0	998.0
0.0	998.0
