dD	 D	 
0.0	1.0
0.0	1.0
0.0	1.0
0.0	1.0
0.0	1.0
0.0	1.0
0.0	1.0
0.0	1.0
0.0	1.0
0.0	1.0
0.0	1.0
0.0	1.0
0.0	1.0
0.0	1.0
0.0	1.0
0.0	1.0
0.0	1.0
0.0	1.0
0.0	1.0
0.0	1.0
0.0014156270581757828	1.002004008016032
0.0019999879357228438	1.0040080160320641
0.0024470094657750084	1.006012024048096
0.005814676026119476	1.0180360721442885
0.009639731959119536	1.0380761523046091
0.012865423812445417	1.0561122244488979
0.01813530789130091	1.1022044088176353
0.024401422832031054	1.1643286573146292
0.03573472414371507	1.2725450901803608
0.04974063848525845	1.4428857715430863
0.07009959192898214	1.717434869739479
0.10055507287603664	2.1382765531062122
0.13564262193519214	2.6953907815631264
0.1784510430511891	3.43687374749499
0.23951223083160464	4.474949899799599
0.30312520757134764	5.831663326653307
0.38309697961389966	7.62124248496994
0.4825637304789252	10.02805611222445
0.5921485986667391	12.927855711422845
0.7235805652232175	16.65130260521042
0.8616545222136933	21.04809619238477
1.0083365104635071	26.1563126252505
1.1728396211900831	32.23246492985972
1.348200309769966	39.47294589178357
1.5371914705445595	47.635270541082164
1.7310941840852128	56.89178356713427
1.9346648441426966	67.24248496993988
2.140281833998543	78.65531062124248
2.3386352684176335	91.00801603206413
2.530138369541264	104.25050100200401
2.7172013676761617	118.40280561122245
2.894324595275288	133.22845691382764
3.0515703074925167	148.73947895791582
3.1891968425692583	164.6012024048096
3.31494092161439	181.00801603206412
3.4128824355811753	197.65330661322645
3.4940382438554645	214.60320641282564
3.5527694486781813	231.72144288577155
3.5827066784911654	248.37274549098197
3.594785822299825	264.9438877755511
3.5888254131539736	281.3627254509018
3.5565963881030718	297.27054108216436
3.5043352222580637	312.64328657314627
3.4442619923062385	327.85971943887773
3.3639196505796614	342.0561122244489
3.2721384800106694	355.498997995992
3.1679832560062615	367.87174348697397
3.0465812607965237	380.1102204408818
2.9203163876670613	391.5811623246493
2.787432361841127	402.23446893787576
2.6538342130761072	412.0561122244489
2.516071472991227	421.11623246492985
2.375915647586104	429.37474949899797
2.235594725354746	437.04208416833666
2.1013229751997016	444.0180360721443
1.9642820218054293	450.4008016032064
1.8276699656153064	456.25450901803606
1.693562977402706	461.53306613226454
1.572290786240244	466.21042084168334
1.4534596894211302	470.37274549098197
1.3391880889839953	474.0761523046092
1.231978777875854	477.3627254509018
1.1337048908415486	480.2745490981964
1.0355836287285476	482.86573146292585
0.9468995555801456	485.0460921843687
0.8637309328377685	486.99599198396794
0.7857469886293331	488.685370741483
0.7109963153332836	490.1683366733467
0.6380656520938874	491.55110220440883
0.569721192366938	492.685370741483
0.49283189732182	493.80160320641284
0.4272622579239328	494.6673346693387
0.366211750243537	495.4809619238477
0.3115049540063031	496.12825651302603
0.26017505376270766	496.70741482965934
0.21268079435186046	497.25250501002006
0.16081370639124692	497.68937875751504
0.11088363104629054	498.1182364729459
0.07130081254951681	498.50300601202406
0.05304512198960456	498.8677354709419
0.0729220265959096	499.248496993988
0.10699056318889705	499.63527054108215
0.1564671795674968	500.062124248497
0.20019129534107546	500.46693386773546
0.2515522857746864	500.9519038076152
0.3068251769134847	501.501002004008
0.35967045709523154	502.07815631262525
0.40973034121317586	502.67735470941886
0.46755896604882485	503.45891783567134
0.529858590569684	504.38476953907815
0.5902524661995283	505.36673346693385
0.6623522947473488	506.50501002004006
0.7376200781092465	507.8557114228457
0.8088117169512041	509.3687374749499
0.8861214789174101	511.1202404809619
0.9735184248206167	513.1763527054109
1.0617016970187423	515.4268537074148
1.1639961591627646	518.0841683366733
1.2643389705083494	520.9719438877755
1.3701436366328024	524.2004008016032
1.4818676678761207	527.9659318637274
1.5989885319268597	532.0501002004008
1.7225874787010576	536.5851703406813
1.8499368557883566	541.7695390781563
1.976091648991088	547.4028056112224
2.1114222900541275	553.7795591182364
2.248470527108612	560.8496993987976
2.3897608305369684	568.625250501002
2.5283415487093164	577.0741482965932
2.6603092832540316	586.1823647294589
2.795366621556371	595.8036072144289
2.9251603030415034	606.7254509018036
3.0481495999441632	618.2404809619238
3.1610891021924914	630.2444889779559
3.2661413023990202	643.1763527054109
3.3582939541170713	656.9659318637274
3.43578690386202	671.376753507014
3.496060696103526	686.0921843687374
3.537236574373256	701.687374749499
3.569187164444816	718.128256513026
3.577715794137158	734.7414829659318
3.565373072477693	751.6052104208417
3.5360755608866694	768.869739478958
3.4765374395150386	786.1743486973947
3.3987947731813337	802.5511022044088
3.3026544992456666	819.2605210420842
3.182908492084484	835.9318637274549
3.042807498144495	851.8577154308617
2.8885096421179073	867.2505010020041
2.719783791355787	881.7074148296593
2.5296036893959672	895.9659318637274
2.3307332435015575	909.2284569138277
2.12764666702183	921.5811623246493
1.928956958815147	932.7434869739479
1.7276720062090205	943.0300601202405
1.5378629435845328	951.9859719438878
1.3499479885144396	960.0240480961924
1.1657007946409381	967.2444889779559
0.9931094759796827	973.3807615230461
0.8413949650676333	978.5310621242485
0.6966850968598298	982.811623246493
0.5739775173084487	986.310621242485
0.4675742468300429	989.1182364729459
0.37246812392453005	991.4629258517034
0.2934473023707517	993.2625250501002
0.22271503111262128	994.6332665330661
0.16875139317831303	995.6352705410821
0.12544009970877756	996.376753507014
0.0934519925955979	996.9018036072144
0.07219174042951171	997.2264529058116
0.050354973267809446	997.503006012024
0.03762131319081833	997.689378757515
0.024914512917048562	997.8216432865731
0.01759402129684213	997.8917835671342
0.009883365524711127	997.9478957915832
0.006441151532849184	997.9739478957916
0.004452268913381382	997.9839679358718
0.0031584386616913297	997.9919839679359
0.001999987935722843	997.9959919839679
0.0	998.0
0.0	998.0
0.0	998.0
0.0	998.0
0.0	998.0
0.0	998.0
0.0	998.0
0.0	998.0
0.0	998.0
0.0	998.0
0.0	998.0
0.0	998.0
0.0	998.0
0.0	998.0
0.0	998.0
0.0	998.0
0.0	998.0
0.0	998.0
0.0	998.0
0.0	998.0
0.0	998.0
