dD	 D	 
0.0	1.0
0.0	1.0
0.0	1.0
0.0	1.0
0.0	1.0
0.0	1.0
0.0	1.0
0.0	1.0
0.0	1.0
0.0	1.0
0.0	1.0
0.0	1.0
0.0	1.0
0.0	1.0
0.0	1.0
0.0	1.0
0.0	1.0
0.0	1.0
0.0	1.0
0.0	1.0
0.0014156270581757832	1.002004008016032
0.0014156270581757832	1.002004008016032
0.0014156270581757832	1.002004008016032
0.0014156270581757832	1.002004008016032
0.0024511172569253604	1.0040080160320641
0.0024511172569253604	1.0040080160320641
0.003740559170496745	1.0080160320641283
0.003740559170496745	1.0080160320641283
0.004464904609736831	1.0120240480961924
0.004882493891996488	1.0160320641282565
0.00562507505476413	1.0220440881763526
0.006112588186696256	1.028056112224449
0.008144025758929497	1.0440881763527055
0.011109593073566952	1.0841683366733468
0.015247957670988651	1.1202404809619237
0.020362188986797817	1.1763527054108216
0.02551245789073944	1.2404809619238477
0.031857009337885905	1.3246492985971945
0.041542387077679356	1.4749498997995991
0.0529398351696905	1.655310621242485
0.06685274972013823	1.8877755511022045
0.08329787517776768	2.182364729458918
0.1024225977528563	2.555110220440882
0.12119492197975286	3.0220440881763526
0.14509512434236732	3.555110220440882
0.17475081940699647	4.30060120240481
0.205632050431792	5.1202404809619235
0.2400725427822948	6.11623246492986
0.2772443050273164	7.350701402805611
0.3213199228572796	8.799599198396793
0.36755587854913774	10.49498997995992
0.41841345999346	12.557114228456914
0.47678159159813793	14.891783567134269
0.5408425986463631	17.625250501002004
0.606513535422541	20.613226452905813
0.6775983048799781	24.106212424849698
0.748844055725808	27.87575150300601
0.8246291217343216	32.012024048096194
0.9019049754965294	36.677354709418836
0.987077812317095	41.97194388777555
1.077936028916931	47.69138276553106
1.167233906134223	53.963927855711425
1.258982758318689	60.633266533066134
1.3507878925448398	67.80160320641282
1.4421331170270704	75.64929859719439
1.5322969238217636	84.09218436873748
1.6242649705119399	93.20440881763527
1.7086853478028683	102.4749498997996
1.7942710588558137	112.11022044088176
1.8752307689636196	122.13226452905812
1.9551074332866747	132.81162324649299
2.0302140196392604	143.90180360721442
2.095222979928718	155.52104208416833
2.1600834346082944	167.43486973947896
2.210547886971056	179.50901803607215
2.25986656558718	191.81362725450902
2.295760510571533	204.37274549098197
2.324530690591409	217.2745490981964
2.345167474011114	230.63527054108218
2.3520933088944442	244.04809619238478
2.345047950970169	257.2885771543086
2.3351956919014145	270.6933867735471
2.314754196836334	283.8156312625251
2.2716795865194888	297.3186372745491
2.2225964315833022	310.8617234468938
2.159385987028568	324.0360721442886
2.083873491545994	337.00400801603206
1.991883805621768	350.2785571142285
1.8949392942149288	362.7855711422846
1.7784242137053508	375.26452905811624
1.6496726474655536	387.8356713426854
1.5154268240017614	400.1202404809619
1.3646255478253584	412.436873747495
1.20535514734791	424.7575150300601
1.0447102761354468	436.61523046092185
0.8817398754080107	448.40480961923845
0.7157952393619039	459.97595190380764
0.5584335164301224	471.35270541082167
0.4160009585178998	482.9178356713427
0.3262227821863943	494.34669338677355
0.34093559002287155	505.87575150300603
0.4388267725780907	517.1122244488978
0.5814515327901124	528.4488977955912
0.7533964390897498	540.2865731462925
0.9168898409099726	551.6092184368738
1.0801352479904536	563.1482965931864
1.2329664518202756	574.6613226452906
1.3795101070523248	586.6673346693386
1.5161801947856275	598.7474949899799
1.6501281051148613	611.0060120240481
1.7763405221179833	623.5691382765531
1.8818553571642376	636.0420841683367
1.9866365322182435	649.0200400801604
2.0719126236401797	662.0140280561122
2.144297728657536	674.9298597194389
2.2096613240095793	688.2404809619238
2.2580482881985526	701.627254509018
2.2994178657994433	714.7815631262525
2.319704851542689	728.0
2.33388572271772	741.2605210420842
2.333185412157605	754.5811623246493
2.323817929239152	767.8476953907816
2.302678675142364	781.0320641282565
2.279117383843677	794.0260521042084
2.238104706843162	806.7394789579158
2.1878694746370075	819.4488977955912
2.135241186131599	831.6392785571143
2.0756578056509913	843.5190380761524
2.0107809962181005	855.3446893787575
1.9334879496151591	866.7334669338677
1.8605188923032643	877.4649298597194
1.7812581650955468	887.6993987975952
1.6972245624792501	897.6052104208417
1.6102577250960588	906.875751503006
1.5222352978254228	915.5270541082165
1.4357082525746283	923.6953907815631
1.344184910980334	931.5230460921844
1.2514683152676167	938.8837675350701
1.1610761025478205	945.8016032064128
1.0703504876260734	952.062124248497
0.9811635146981326	957.7875751503007
0.8958167212983184	963.056112224449
0.8122795876246511	967.8977955911823
0.7376075685106295	972.0340681362726
0.6681503331429695	975.7294589178357
0.5976126996631295	979.0140280561122
0.5375117454940841	981.8276553106213
0.47646622752425594	984.4488977955912
0.4198921458929671	986.6693386773547
0.36886588973721984	988.623246492986
0.32047929450615104	990.2785571142284
0.27614092858342226	991.7334669338677
0.2371679771014019	992.9539078156313
0.20368739232464786	993.9038076152304
0.17180016833398568	994.7454909819639
0.14408023368645298	995.4268537074148
0.12084012122713646	995.9959919839679
0.09882549138193111	996.4929859719439
0.08416267098619061	996.8356713426854
0.07188820144798293	997.0821643286573
0.058572410075490855	997.2985971943888
0.04812847726941448	997.4509018036072
0.03952114363490893	997.5991983967936
0.033029876681213884	997.6973947895791
0.026109193112076875	997.7875751503007
0.021369945507287835	997.8476953907816
0.015981155189864697	997.9018036072144
0.013171898605679692	997.9278557114228
0.009196217063627414	997.9579158316633
0.007554451272189989	997.9659318637274
0.003983341787187726	997.9859719438878
0.00282271336049308	997.9919839679359
0.0014156270581757832	997.997995991984
0.0	998.0
0.0	998.0
0.0	998.0
0.0	998.0
0.0	998.0
0.0	998.0
0.0	998.0
0.0	998.0
0.0	998.0
0.0	998.0
0.0	998.0
0.0	998.0
0.0	998.0
0.0	998.0
0.0	998.0
0.0	998.0
0.0	998.0
0.0	998.0
0.0	998.0
0.0	998.0
0.0	998.0
0.0	998.0
0.0	998.0
0.0	998.0
0.0	998.0
0.0	998.0
0.0	998.0
