dD	 D	 
0.0	1.0
0.0	1.0
0.0	1.0
0.0	1.0
0.0	1.0
0.0	1.0
0.0	1.0
0.0	1.0
0.0	1.0
0.0001999400059990001	1.0003999600039997
0.00031609495756142756	1.000799920007999
0.00031609495756142756	1.000799920007999
0.0006473146704226077	1.002999700029997
0.0012222625648556447	1.0075992400759923
0.002534368737937098	1.0235976402359763
0.0048687663553597235	1.051994800519948
0.008770605374580853	1.1095890410958904
0.014790630298047303	1.2133786621337865
0.02414585537538905	1.408159184081592
0.03883858851655175	1.758924107589241
0.05974591671854933	2.335266473352665
0.0920336563965205	3.3157684231576843
0.13718988512268407	4.85961403859614
0.20112499509838563	7.3265673432656735
0.2860008753165253	10.98020197980202
0.3963410564139881	16.292870712928707
0.5380907605483337	23.784321567843214
0.7176036855103213	34.25027497250275
0.9376438774201965	48.387861213878615
1.2018794133006425	67.09479052094791
1.514044471524949	91.34796520347965
1.876664885216038	122.0942905709429
2.2895573020976574	160.45805419458054
2.7527693569535523	207.4037596240376
3.262411914613976	263.6791320867913
3.809566459463973	329.980901909809
4.394204872839254	407.3005699430057
5.004813275895546	495.66413358664136
5.631090612489115	595.2465753424658
6.2634083923735435	706.1170882911708
6.891014206686067	827.6759324067593
7.502948692823801	959.3781621837816
8.089452798900396	1100.5820417958205
8.64093238136569	1250.4476552344765
9.150304850803668	1407.5739426057394
9.609600997453413	1570.5492450754925
10.013211442146925	1738.0800919908008
10.352347287839102	1908.3968603139685
10.627089957239944	2080.7438256174382
10.838014884681021	2253.3769623037697
10.983143983973715	2424.7464253574644
11.06295535053784	2593.5913408659135
11.084220991202674	2759.031396860314
11.046166615601912	2919.3577642235778
10.953710610954271	3074.4000599940005
10.812938476425428	3223.296770322968
10.627736272896586	3365.598540145985
10.404835468603677	3500.3396660333965
10.149763040136012	3627.7223277672233
9.86921559375421	3747.0765923407657
9.566573323672252	3858.8308169183083
9.250834208766525	3962.7600239976005
8.926075055643446	4059.0347965203478
8.59777860176166	4147.77492250775
8.267656988893002	4229.49495050495
7.94074964670643	4304.154484551545
7.622419870994936	4372.042695730427
7.313848034338867	4433.871512848715
7.016297204776053	4489.961703829617
6.733118852358392	4540.616238376162
6.466372178155012	4586.086691330867
6.215649689724215	4626.797820217978
5.978875587174364	4663.423357664234
5.756811142245538	4696.128687131287
5.5474732339257935	4725.40295970403
5.3474224098254	4751.495350464954
5.158582399085215	4774.711028897111
4.976777423028513	4795.373762623738
4.800658950610753	4813.898310168983
4.627342699479048	4830.431456854315
4.4563555773034516	4845.3099690030995
4.2861188779578185	4858.610438956104
4.112773939874601	4870.686831316868
3.93550866849099	4881.654334566543
3.7530245083742777	4891.6929307069295
3.566059479262087	4900.930206979302
3.3701435039492695	4909.589341065894
3.1676594232782374	4917.665733426657
2.9578916829656063	4925.288771122888
2.738826048708448	4932.623637636237
2.51180959098608	4939.678332166784
2.27545867629566	4946.497250274972
2.032087274968913	4953.154584541546
1.7792602105984168	4959.674932506749
1.5192447964541735	4966.0808919108085
1.2528390377625924	4972.41105889411
0.9824303105276436	4978.689831016898
0.7067624952462446	4984.934606539346
0.426020652422067	4991.20597940206
0.1522067671195428	4997.400559944005
0.15412715808404145	5003.631536846316
0.4282852824905482	5009.841915808419
0.7078333203967017	5016.100489951005
0.9840393828393926	5022.34706529347
1.2562522467781183	5028.654434556544
1.5218287044950423	5034.986401359864
1.7800981058347416	5041.362363763624
2.033573692994614	5047.8961103889615
2.281427889839264	5054.616238376162
2.5167094853476386	5061.425157484252
2.7451978698901955	5068.500449955004
2.9612164900251545	5075.74192580742
3.1714295717276224	5083.413958604139
3.3723503847617815	5091.475152484752
3.566527183865255	5100.114288571143
3.754890245860236	5109.381561843816
3.9357968696425214	5119.398560143985
4.11312009689517	5130.348665133487
4.287013008446887	5142.396660333967
4.456006327250649	5155.617338266174
4.627943106571381	5170.513848615138
4.800519685057369	5187.068193180682
4.977610345436431	5205.647735226477
5.158800589808164	5226.341065893411
5.34811255712135	5249.623737626237
5.54545036849162	5275.646335366463
5.7546620558718855	5304.79302069793
5.9787618691449875	5337.6399360064
6.216474781162645	5374.103289671033
6.467594590993064	5414.951804819518
6.734032375106478	5460.372662733726
7.016198388289804	5510.922807719228
7.3135986114188745	5567.010598940106
7.623289943302924	5628.977802219778
7.944793021074399	5697.177582241776
8.26997878616288	5771.763523647635
8.599356222572442	5853.292770722927
8.929547405668036	5942.039896010399
9.254350221068044	6038.313668633136
9.569711059331395	6142.334066593341
9.870816952414593	6254.153684631537
10.152191669548527	6373.862713728628
10.406415145134734	6500.853414658534
10.62914817313868	6635.607139286071
10.813808659371908	6777.888311168883
10.955357898511151	6926.77502249775
11.0471165824256	7082.075292470753
11.086260486226427	7242.4638536146385
11.067531787552054	7407.687531246876
10.985788710040906	7576.474852514749
10.840522522142956	7747.6299370063
10.631465948488136	7919.966503349665
10.355099279023298	8092.292270772923
10.01460552967532	8262.824017598241
9.612403562383069	8430.35606439356
9.154145200827088	8593.548145185481
8.645306454935396	8750.717028297171
8.093732463969998	8900.483251674832
7.506168019262085	9041.84311568843
6.893539900183148	9173.918708129188
6.267788759918584	9295.487551244876
5.635375181656606	9406.376062393761
5.008355822566967	9505.97390260974
4.398169200985989	9594.255674432557
3.812858402490388	9671.589541045896
3.2644929529224003	9737.889511048896
2.7560496110542974	9794.170682931706
2.2915866153870175	9841.127187281272
1.875881291477328	9879.675532446756
1.511926221477202	9910.570442955704
1.199740003529289	9934.91200879912
0.9340671419405506	9953.704729527048
0.7160261694603609	9967.794320567944
0.5377658048348687	9978.226877312269
0.3959044502370717	9985.76492350765
0.285232707927906	9991.0499950005
0.20144496575563436	9994.670632936706
0.1390266492704409	9997.088591140886
0.09386351238896307	9998.651034896511
0.06136520581306833	9999.644935506449
0.039193541021667194	10000.234276572342
0.025203198776638562	10000.574442555744
0.014989197124941659	10000.778222177782
0.009052449253669742	10000.88701129887
0.005306885550377675	10000.944205579442
0.00297198652820515	10000.974402559745
0.001532551896329031	10000.989601039895
0.0008589159777708769	10000.995400459955
0.0005093762391100757	10000.997800219979
0.00031609495756142756	10000.999200079992
0.0	10001.0
0.0	10001.0
0.0	10001.0
0.0	10001.0
0.0	10001.0
0.0	10001.0
0.0	10001.0
0.0	10001.0
0.0	10001.0
0.0	10001.0
