dD	 D	 
0.0	1.0
0.0	1.0
0.0	1.0
0.0	1.0
0.0	1.0
0.0	1.0
0.0	1.0
0.0	1.0
0.0	1.0
0.0	1.0
0.0	1.0
0.0	1.0
0.0	1.0
0.0	1.0
0.0	1.0
0.0	1.0
0.0	1.0
0.0	1.0
0.0	1.0
0.0014156270581757828	1.002004008016032
0.002822713360493081	1.0080160320641283
0.007702941013184182	1.0300601202404809
0.010004566346989015	1.0480961923847696
0.012615426484972816	1.0741482965931863
0.020804223222640722	1.122244488977956
0.034626341460326934	1.2364729458917836
0.04792197359778207	1.3727454909819639
0.0634774606267828	1.5470941883767535
0.08303494523581469	1.783567134268537
0.11281492195196716	2.1603206412825653
0.14726813415907508	2.635270541082164
0.18498675147673035	3.2545090180360723
0.23760720965895796	4.128256513026052
0.29315945863479104	5.170340681362726
0.36603487603826035	6.6392785571142285
0.44639203115293413	8.358717434869739
0.5312358126592545	10.438877755511022
0.6260466294264234	12.923847695390782
0.7307375457082639	15.919839679358718
0.852490769451364	19.595190380761522
0.9827834354799926	23.95190380761523
1.124078501862202	29.026052104208418
1.276142698788855	34.86773547094188
1.4315091183464148	41.40080160320641
1.5873511476510713	48.64328657314629
1.7538487969021237	56.9939879759519
1.9164195649983782	65.99599198396794
2.087097131851134	76.00601202404809
2.252793985270779	86.80160320641282
2.410518408409384	98.374749498998
2.5698631618233114	110.79559118236473
2.712362203001705	123.92585170340682
2.84761054873461	137.5691382765531
2.9678220284254033	151.72945891783567
3.0704692361309287	166.4128256513026
3.1637522147913684	181.6573146292585
3.2414930336585193	197.13426853707415
3.300387023290971	213.01202404809618
3.3361185215056763	228.72144288577155
3.3591561786412485	244.4569138276553
3.361781481280894	259.9338677354709
3.3493475697594657	275.498997995992
3.320396841779524	291.0941883767535
3.2742841659394553	306.0080160320641
3.209593147673923	320.6553106212425
3.1322340327668408	334.8316633266533
3.0413765796654983	348.30260521042084
2.939133557264773	361.4168336673347
2.823025661481216	373.72745490981964
2.710060712975764	385.43086172344687
2.592664458978138	396.38476953907815
2.4656093173324245	406.6132264529058
2.334338518697858	416.1202404809619
2.196555706130858	425.03406813627254
2.061131514862163	433.1923847695391
1.9314886738072001	440.6292585170341
1.800747418500933	447.4549098196393
1.6677726277561415	453.6573146292585
1.543283574561905	459.22645290581164
1.4226485703688772	464.186372745491
1.299583159650721	468.7935871743487
1.1920119696848441	472.79158316633266
1.0875737120482518	476.34669338677355
0.9805313379075608	479.61723446893785
0.885783032362017	482.53507014028054
0.802800467636788	485.0280561122245
0.722893791561851	487.1442885771543
0.6440096465785322	489.07014028056113
0.576165772181909	490.59519038076155
0.5134173695074086	491.9559118236473
0.4589518173706835	493.1302605210421
0.3937131818169985	494.20841683366734
0.34476084883247965	495.0541082164329
0.29688943227251674	495.7975951903808
0.25094904129465745	496.43887775551104
0.2091717770395765	496.99799599198394
0.16458302646821754	497.5130260521042
0.12895606452004266	497.9719438877755
0.09725985522585306	498.4008016032064
0.07072857411843425	498.8677354709419
0.06700732831881771	499.2865731462926
0.0885138307594527	499.7054108216433
0.1185227972219165	500.0921843687375
0.16532407122142084	500.6212424849699
0.21013333527210892	501.1202404809619
0.24629500998225587	501.6212424849699
0.29535709360806145	502.2625250501002
0.3460304881147642	503.05811623246495
0.3941352875352899	503.8897795591182
0.4539312973803465	504.95791583166334
0.5149267810721347	506.1482965931864
0.5823768414632513	507.50300601202406
0.6478012677467897	509.1022044088176
0.7209863760355608	510.937875751503
0.7995419424978306	513.0721442885772
0.8894371477435757	515.5170340681362
0.9772412426379287	518.2605210420842
1.072512144272659	521.438877755511
1.180012774023583	525.002004008016
1.2878796331015667	529.1182364729459
1.403294264827782	533.7094188376753
1.5204106848523067	538.7414829659318
1.6471101740910454	544.2885771543087
1.7725070411780801	550.3486973947896
1.9093839579281986	557.3627254509018
2.047090261275508	564.8416833667335
2.1808518282665785	572.9178356713427
2.317149891237253	581.8597194388777
2.4543887173304553	591.5390781563126
2.586672321192999	601.7875751503007
2.714287802775773	612.8917835671342
2.833582107393188	624.5811623246493
2.948886955448146	637.0260521042084
3.052835337601143	650.1743486973947
3.140474852263473	663.4909819639279
3.218508817344806	677.4208416833667
3.282287112581639	691.937875751503
3.333952226828866	707.1763527054109
3.362389656731809	722.4729458917835
3.3727997573062507	737.875751503006
3.3723088833321433	753.370741482966
3.356743060362809	768.937875751503
3.3212121128037313	784.6653306613226
3.26143984528367	800.3947895791583
3.1853295571421754	815.9819639278558
3.087966307026896	831.2284569138277
2.981753079224113	846.128256513026
2.856364591490998	860.2865731462925
2.7151242761958994	874.2244488977956
2.569386825643193	887.4028056112224
2.4131951636459865	899.937875751503
2.2539273451562813	911.3466933867735
2.0862937455975303	922.1162324649299
1.9087283446265249	932.503006012024
1.7404932371848352	941.5771543086172
1.5750845645435312	949.9839679358718
1.4075156455257225	957.5410821643287
1.2456612040854174	964.2545090180361
1.0993741672167558	969.9899799599199
0.9653773399378704	974.9739478957916
0.8322099319795752	979.3527054108216
0.7133131289995324	983.060120240481
0.5988178695731218	986.316633266533
0.5049171523407869	988.811623246493
0.4194706565785585	990.9258517034068
0.3412656750249991	992.6633266533066
0.2793959276471274	993.937875751503
0.2173817153796628	995.1002004008016
0.1680443476458887	995.9559118236473
0.13189764710248322	996.5450901803607
0.09833892052787845	996.9899799599199
0.06932429237457904	997.3486973947896
0.05059124580098962	997.5791583166333
0.03633247116207922	997.7254509018036
0.02333505126986843	997.8396793587175
0.015519219983811628	997.9098196392786
0.00876699719005245	997.9619238476954
0.006753153604462897	997.9759519038076
0.0054646883532241935	997.9839679358718
0.004464904609736832	997.9879759519038
0.002827698603060955	997.9939879759519
0.0	998.0
0.0	998.0
0.0	998.0
0.0	998.0
0.0	998.0
0.0	998.0
0.0	998.0
0.0	998.0
0.0	998.0
0.0	998.0
0.0	998.0
0.0	998.0
0.0	998.0
0.0	998.0
0.0	998.0
0.0	998.0
0.0	998.0
0.0	998.0
0.0	998.0
