dD	 D	 
0.0	1.0
0.0	1.0
0.0	1.0
0.0	1.0
0.0	1.0
0.0	1.0
0.0	1.0
0.0	1.0
0.0	1.0
0.0	1.0
0.0	1.0
0.0	1.0
0.0	1.0
0.0	1.0
0.0	1.0
0.0	1.0
0.0	1.0
0.0	1.0
0.0	1.0
0.0	1.0
0.0	1.0
0.0	1.0
0.0	1.0
0.0	1.0
0.0	1.0
0.0	1.0
0.0	1.0
0.0	1.0
0.002451117256925361	1.0040080160320641
0.002451117256925361	1.0040080160320641
0.003989902886754066	1.0120240480961924
0.005451417368933469	1.0200400801603207
0.007002687895890506	1.034068136272545
0.010260526689650294	1.0561122244488979
0.015789517518560305	1.1082164328657316
0.018778486643123322	1.1442885771543085
0.02623879935059654	1.2244488977955912
0.034607335110207506	1.3306613226452906
0.04368891666370303	1.4509018036072143
0.053966129507173735	1.6132264529058116
0.06900085224357488	1.87374749498998
0.08684353954610237	2.1743486973947896
0.11412556098655587	2.5831663326653307
0.13552256618813296	3.032064128256513
0.16886760387579078	3.717434869739479
0.21007597258044045	4.589178356713427
0.25121217437358173	5.511022044088176
0.295690072919891	6.635270541082164
0.34525166887092723	7.959919839679359
0.40423984900321924	9.603206412825651
0.47182654020498316	11.637274549098196
0.5468590004134901	13.983967935871744
0.6245369556860254	16.617234468937877
0.708886145434146	19.498997995991985
0.8030415763143673	23.152304609218437
0.9044785248858626	27.160320641282564
1.0005181653343869	31.404809619238478
1.1137487681695826	36.18036072144289
1.227419444323898	41.75951903807615
1.347190166058376	47.86172344689379
1.4641031803488298	54.3687374749499
1.5820935445435818	61.412825651302605
1.7026195346910054	69.14428857715431
1.8236552317835084	77.40681362725451
1.9360312729706046	86.02805611222445
2.0535073287236347	95.45691382765531
2.1648193925102968	105.46092184368737
2.2816156707075463	116.21042084168337
2.384824004843363	127.1062124248497
2.4781744646026675	138.35270541082164
2.561009025095999	150.06012024048096
2.645056691543806	161.91983967935872
2.708162872090615	174.4488977955912
2.7625334255944773	186.92985971943887
2.817375283698308	199.62925851703406
2.8506496655431737	212.68537074148296
2.8743340708139713	226.07615230460922
2.883539044555872	239.49699398797594
2.884238884035873	253.04609218436875
2.8689887457484176	266.1763527054108
2.8378593512122436	279.5370741482966
2.8009281884184483	292.7414829659319
2.745682359041424	305.55310621242484
2.679708161423388	318.4829659318637
2.6000478944461456	331.0300601202405
2.5067440659054316	343.09018036072143
2.4041818356669364	355.52104208416836
2.2956091602889166	367.5170340681363
2.1694350441382353	379.2805611222445
2.0270627939193138	390.59719438877755
1.8716663387764199	401.82765531062125
1.7110119191295736	412.78356713426854
1.5476268395131518	423.30060120240483
1.3699761123062824	433.80160320641284
1.1840482324949457	444.3166332665331
1.0015319248075043	454.3166332665331
0.81161309971043	464.39078156312627
0.6222518371385711	474.32264529058114
0.45452743552878744	484.0661322645291
0.3214400897986943	494.15230460921845
0.31216214805313025	503.54108216432866
0.42123203432648315	513.2945891783567
0.5871812293948285	523.1182364729459
0.7609757368380051	532.8517034068136
0.9489153810117333	542.9118236472946
1.1354288635375025	552.869739478958
1.3185216326213953	563.1783567134269
1.4942667844810065	573.7735470941884
1.658031342518589	584.4709418837675
1.8182854861541793	595.5531062124248
1.9710575142840303	606.7695390781563
2.1131225134435874	618.5450901803607
2.2472534621986653	630.7094188376753
2.3607782038275986	642.5811623246493
2.4693536810068033	654.8957915831663
2.557012975458321	667.6152304609218
2.6385654765434525	680.6733466933867
2.710988446199646	693.7995991983968
2.766449316588249	707.1362725450902
2.813128862845678	720.3366733466934
2.8450342184837365	733.4088176352706
2.8632953409177158	746.8957915831663
2.8676450466912073	760.1503006012024
2.855374117589052	773.7575150300602
2.8305365910381757	787.0480961923847
2.79751969858933	800.2585170340682
2.7479999791993226	813.184368737475
2.695023727842168	825.813627254509
2.6219018498841224	838.5130260521042
2.5427105926837203	850.6733466933867
2.453180186860235	862.4308617234469
2.35256207048181	873.9118236472946
2.2572912624332586	884.4729458917835
2.1493836350971907	894.9298597194389
2.040360974402545	904.5651302605211
1.9261491020311945	913.5671342685371
1.805681260119014	922.4128256513026
1.6876177601477695	930.6693386773547
1.5641285079984029	938.3827655310621
1.442844369397378	945.5671342685371
1.3259834599635114	952.0881763527054
1.2100849879719187	958.1082164328658
1.0984982547856874	963.4288577154308
0.9853775508131993	968.4188376753507
0.8821160085820792	972.7835671342685
0.7856880420795859	976.6913827655311
0.6960865176682333	979.9579158316633
0.6109653999707008	982.9699398797595
0.537294217861917	985.496993987976
0.4640168399416737	987.7615230460922
0.3970434567884734	989.5891783567134
0.338100328549828	991.1703406813627
0.28437582150881857	992.6052104208417
0.2411400794355732	993.6933867735471
0.19855186805238986	994.6192384769539
0.1623854983760819	995.4008016032064
0.1289484658365081	996.0821643286573
0.1050846529261747	996.5290581162325
0.0794218821777107	996.941883767535
0.061255304073469186	997.2625250501002
0.04632001221753902	997.4769539078156
0.036367896315139474	997.627254509018
0.028518098442138876	997.7314629258517
0.02256316630612008	997.8076152304609
0.0164049844179549	997.8817635270541
0.013048661369373242	997.9198396793587
0.00917694327132446	997.9539078156313
0.007686205701648462	997.9659318637274
0.004444579714619355	997.9819639278558
0.003983341787187726	997.9859719438878
0.002447009465775008	997.9939879759519
0.001415627058175783	997.997995991984
0.0	998.0
0.0	998.0
0.0	998.0
0.0	998.0
0.0	998.0
0.0	998.0
0.0	998.0
0.0	998.0
0.0	998.0
0.0	998.0
0.0	998.0
0.0	998.0
0.0	998.0
0.0	998.0
0.0	998.0
0.0	998.0
0.0	998.0
0.0	998.0
0.0	998.0
0.0	998.0
0.0	998.0
0.0	998.0
0.0	998.0
0.0	998.0
0.0	998.0
0.0	998.0
0.0	998.0
0.0	998.0
