dD	 D	 
0.0	1.0
0.0	1.0
0.0	1.0
0.0	1.0
0.0	1.0
0.0	1.0
0.0	1.0
0.0	1.0
0.0	1.0
0.0	1.0
0.0	1.0
0.0	1.0
0.0	1.0
0.0	1.0
0.0	1.0
0.0	1.0
0.0	1.0
0.0	1.0
0.0	1.0
0.0	1.0
0.0014156270581757828	1.002004008016032
0.0014156270581757828	1.002004008016032
0.0037357149303846285	1.0100200400801602
0.004882493891996489	1.0160320641282565
0.006892931543371554	1.0260521042084167
0.010570576263580484	1.0521042084168337
0.014722428472776277	1.0901803607214429
0.02541883068684341	1.1803607214428857
0.035777153020516025	1.2885771543086173
0.05048917080651257	1.4769539078156313
0.06701981850538952	1.68937875751503
0.0870458443059363	1.9639278557114228
0.1169286702445657	2.400801603206413
0.15245582291355234	3.0100200400801604
0.19764006971326561	3.8036072144288577
0.24794074792845783	4.823647294589178
0.30527909584477797	6.138276553106213
0.37564275678286646	7.843687374749499
0.4592367025848487	10.02004008016032
0.5533466101510718	12.581162324649299
0.6663454576799686	15.899799599198397
0.7818767887536033	19.645290581162325
0.9159875135967493	24.160320641282564
1.0555265344211457	29.306613226452907
1.1941503430128748	35.09619238476954
1.352075427295351	41.965931863727455
1.5172776468349722	49.63927855711423
1.6853261954710186	58.42885771543086
1.8548051370632215	68.20841683366733
2.0288868285164314	78.96392785571142
2.1964112919266365	90.47695390781563
2.358944862913111	102.85370741482966
2.5146238536491317	115.87775551102204
2.661223232634048	129.84168336673346
2.7916766496034464	144.01202404809618
2.9177973421041283	159.2625250501002
3.0228697280168366	174.88577154308618
3.1140215757534664	190.85370741482967
3.18281640671787	206.90781563126254
3.2396321495115856	223.35871743486973
3.279929896742806	239.69539078156313
3.296130699885717	255.5190380761523
3.2978840509970437	271.2785571142285
3.278677559092746	287.05811623246495
3.242180401803051	302.39679358717433
3.190318633259004	317.10420841683367
3.129883984884633	331.38476953907815
3.0510876882397335	345.2745490981964
2.9645884335566004	358.5831663326653
2.866590894030913	370.84769539078155
2.7571419267898003	382.55310621242484
2.6385827635817254	393.751503006012
2.511849624685935	404.3346693386774
2.3877325880170215	413.79158316633266
2.2598398543580633	422.92985971943887
2.131780896155543	431.13426853707415
2.002347226088707	438.5250501002004
1.8718414035348634	445.4509018036072
1.752632573458511	451.37675350701403
1.6280536992322467	457.0280561122245
1.5068923507709455	462.1062124248497
1.390593221442213	466.5571142284569
1.279757729738339	470.6012024048096
1.1743299962367886	474.17835671342687
1.0693465854631177	477.55310621242484
0.9727050469479889	480.46492985971946
0.8793801608386033	483.0260521042084
0.7923779296331518	485.37474949899797
0.7105408669178899	487.39679358717433
0.6401015909979191	489.09619238476955
0.568057576987778	490.6833667334669
0.4930265960252434	492.064128256513
0.43490046486312733	493.2224448897796
0.3766801696144704	494.2124248496994
0.3223095264102294	495.10821643286573
0.261730463506179	496.0300601202405
0.20805313154648764	496.76553106212424
0.15937367162374802	497.4448897795591
0.11489803758616107	498.07214428857714
0.0781285042679639	498.7234468937876
0.07632443025336325	499.3607214428858
0.10796249172825159	499.9739478957916
0.15092208488737438	500.59519038076155
0.19714937778084246	501.2785571142285
0.2493364362141886	502.04208416833666
0.3132539279707087	502.92184368737475
0.37461332055954133	503.85971943887773
0.43323655042759973	504.90981963927857
0.4974938196423022	506.07014028056113
0.570226260915107	507.4709418837675
0.6467453169697557	509.0440881763527
0.7225138124052707	510.76352705410824
0.8119998768157813	512.8076152304609
0.8993067223837466	515.0721442885772
0.9890827287321334	517.5090180360721
1.0838828757311263	520.3587174348697
1.1861986502592832	523.5831663326653
1.299570457944291	527.4168336673347
1.4103220545669999	531.6653306613226
1.530613974924427	536.3206412825651
1.652784141385876	541.4108216432866
1.7704202380613747	546.9278557114228
1.8952805931669852	553.1322645290581
2.025504978836657	559.937875751503
2.154953330913405	567.4809619238476
2.2797771893695433	575.4529058116233
2.408258397462626	584.5250501002004
2.5317428005759357	594.1402805611223
2.6556031030122145	604.5190380761524
2.773433727741265	615.7234468937876
2.8800134278672833	627.3026052104209
2.9825637883259217	639.9198396793587
3.0744966068579576	653.0541082164328
3.1554014595894277	667.0060120240481
3.219399091072079	681.374749498998
3.2704174725358404	696.3867735470942
3.309760138520196	711.683366733467
3.3278034908515357	727.4348697394789
3.3197583477635524	743.1663326653306
3.2979714653619334	759.3787575150301
3.261434894495212	775.8056112224449
3.2023330753604125	791.9599198396794
3.128514694903613	807.9158316633267
3.0340403792581183	823.9118236472946
2.9262542515311276	839.623246492986
2.8024728187770056	854.9899799599199
2.666288208092048	869.4749498997996
2.5172410443808126	883.2104208416833
2.357218587128323	896.3667334669339
2.200571506287943	908.2605210420842
2.034391550811764	919.8677354709419
1.8588176985983649	930.557114228457
1.6875365975389156	940.2865731462925
1.5231057755670687	948.9458917835672
1.3604556346812362	956.6412825651303
1.2033693720065914	963.5791583166333
1.051632040869977	969.6513026052104
0.9074107623371495	974.8657314629259
0.7740663972633195	979.4448897795592
0.6564032605853496	983.2204408817636
0.5549866660911059	986.2945891783567
0.4628314692973108	988.9679358717435
0.37740891993521536	991.1082164328658
0.30044368519420417	992.8376753507014
0.24088472943718384	994.128256513026
0.18636685087551136	995.2104208416833
0.14756271686842404	995.9839679358718
0.11330664773292412	996.5490981963928
0.08392748337268688	997.0180360721442
0.06316635243977775	997.3466933867735
0.043452758378066	997.5831663326653
0.031078799327382528	997.7314629258517
0.023060536700422674	997.8256513026053
0.017033418469039337	997.8857715430862
0.01071689008512247	997.939879759519
0.007012163214432704	997.9679358717435
0.004875483254809377	997.9819639278558
0.003983341787187727	997.9859719438878
0.002447009465775008	997.9939879759519
0.0014156270581757832	997.997995991984
0.0014156270581757832	997.997995991984
0.0	998.0
0.0	998.0
0.0	998.0
0.0	998.0
0.0	998.0
0.0	998.0
0.0	998.0
0.0	998.0
0.0	998.0
0.0	998.0
0.0	998.0
0.0	998.0
0.0	998.0
0.0	998.0
0.0	998.0
0.0	998.0
0.0	998.0
0.0	998.0
0.0	998.0
