dD	 D	 
0.0	1.0
0.0	1.0
0.0	1.0
0.0	1.0
0.0	1.0
0.0	1.0
0.0	1.0
0.0	1.0
0.0	1.0
0.0	1.0
0.0	1.0
0.0	1.0
0.0	1.0
0.0	1.0
0.0	1.0
0.0	1.0
0.0	1.0
0.0	1.0
0.0	1.0
0.0	1.0
0.0	1.0
0.0	1.0
0.0	1.0
0.0	1.0
0.0	1.0
0.0	1.0
0.0	1.0
0.0	1.0
0.0	1.0
0.0	1.0
0.00014142135411542337	1.0002000200020003
0.00014142135411542337	1.0002000200020003
0.00014142135411542337	1.0002000200020003
0.00014142135411542337	1.0002000200020003
0.00014142135411542337	1.0002000200020003
0.0002827578172155094	1.0008000800080008
0.00034623685591201665	1.001200120012001
0.00042392441328764825	1.0018001800180019
0.000489358594863107	1.0024002400240024
0.0006153304625279538	1.0038003800380038
0.0007982550621371411	1.0054005400540054
0.0014310360924363421	1.0112011201120112
0.002011145268311059	1.019001900190019
0.002819854825311272	1.03000300030003
0.0037954845907771716	1.0466046604660466
0.005054043751413036	1.0736073607360737
0.006837157056308495	1.115011501150115
0.008981936769776655	1.1738173817381738
0.011642413567291933	1.2526252625262526
0.01524874421992158	1.3614361436143614
0.02001115383655758	1.5226522652265226
0.02593985961236869	1.744874487448745
0.033505355258109853	2.062106210621062
0.042643083978908106	2.4907490749074905
0.054429160981926905	3.069206920692069
0.06874359116770287	3.8580858085808583
0.08697576851259517	4.9245924592459245
0.10971705231342843	6.345934593459346
0.13654835175997396	8.169316931693169
0.16836257741223698	10.557355735573557
0.20730638672302812	13.623062306230622
0.25365392206608756	17.59125912591259
0.30786551859524874	22.593559355935593
0.37153421538395104	28.926992699269928
0.44570641608728806	36.80558055805581
0.5310123695923249	46.57435743574357
0.6284068010626781	58.613361336133615
0.7393016421522176	73.37803780378037
0.864388975866871	91.32443244324432
1.0038935750665787	112.81998199819982
1.1565458858831466	138.43854385438544
1.3231776145460108	168.87498749874987
1.5021271569009482	204.59255925592558
1.6957321637006686	246.36073607360737
1.8987577218921619	294.73857385738575
2.111228732884389	350.4361436143614
2.329813569109883	414.3065306530653
2.549674049117336	487.14021402140213
2.7706387064417113	569.2170217021702
2.9856531422764045	661.4914491449144
3.190454483316636	764.5381538153815
3.3827118539321788	878.8611861186118
3.5553627358456055	1004.7325732573257
3.701163461742609	1142.4055405540555
3.8161815009293956	1292.938793879388
3.896249324275525	1456.050305030503
3.9373593596612024	1631.6426642664267
3.932509196871846	1819.7136713671366
3.883719998090455	2019.8602860286028
3.7819132064441408	2232.3839383938393
3.631178021713503	2456.4343434343436
3.428818696361705	2691.6976697669766
3.1747510220910926	2937.220822082208
2.873946331113278	3191.7766776677668
2.5287952008639634	3454.802780278028
2.1445027289920238	3725.4064406440643
1.7266830337927421	4001.8058805880587
1.2902104630292093	4283.12301230123
0.8529229495961432	4568.001700170017
0.4875564928836694	4855.318231823182
0.48022923007419327	5142.898589858986
0.843972653050883	5429.852285228523
1.282901514614983	5714.860186018602
1.7215261739223258	5996.333533353335
2.1405220064614126	6273.0530053005305
2.5260752675706084	6543.999699969997
2.8751667153497507	6807.510251025103
3.1758917293425464	7062.289328932893
3.428726910438424	7307.4316431643165
3.6338042081455284	7542.161916191619
3.786913795913258	7766.548954895489
3.886433344708878	7979.438643864386
3.9363996046187197	8179.963096309631
3.9399378056421046	8368.391739173918
3.898344586747763	8544.090509050906
3.8186496993487	8707.120212021202
3.7017280773548973	8857.290229022903
3.5567689563016374	8995.262426242623
3.3854398347653176	9121.162216221623
3.1950954869750636	9235.290429042905
2.9885882422688623	9338.135313531353
2.7731011937789547	9430.428742874288
2.553314750065472	9512.701570157016
2.334415601131085	9585.237623762376
2.1163896748387456	9649.09800980098
1.902980509173193	9704.81098109811
1.6990773328173856	9753.29902990299
1.5058978922612876	9795.247824782478
1.326561676919541	9830.97299729973
1.1586150293766986	9861.33703370337
1.0046356509539047	9887.090409040904
0.8654805791645029	9908.596359635963
0.7403938461638427	9926.496549654965
0.6292450834344459	9941.251625162517
0.5308164972430874	9953.333433343334
0.44502701362454783	9963.129812981299
0.3706645429973063	9971.05600560056
0.3069517184163417	9977.364236423642
0.252149326633171	9982.41694169417
0.20588228707991585	9986.381738173817
0.16639058791222713	9989.491849184918
0.1338416006884001	9991.86588658866
0.10706702084300615	9993.711271127113
0.0858792336108082	9995.106410641065
0.06825656955943718	9996.144314431443
0.053867950525134635	9996.927592759275
0.04186422677499715	9997.51205120512
0.0328608162646602	9997.945894589458
0.025436286993177796	9998.259525952595
0.019940892102024165	9998.47594759476
0.015157145074917801	9998.640164016402
0.011596389733115196	9998.750375037504
0.008916612440165976	9998.830583058307
0.006838832026304145	9998.88598859886
0.005177504337147254	9998.926592659265
0.004104051957207633	9998.94899489949
0.0029422346547710015	9998.967596759676
0.0021148261424319493	9998.97799779978
0.0013521332865073768	9998.98899889989
0.0010465746809044977	9998.99299929993
0.0009365036494404756	9998.994399439944
0.0005994061857825563	9998.997199719972
0.00046874290328647846	9998.998199819982
0.0003739410988227933	9998.998599859986
0.0003161012068853883	9998.99899989999
0.00024489996120473286	9998.999399939994
0.0	9999.0
0.0	9999.0
0.0	9999.0
0.0	9999.0
0.0	9999.0
0.0	9999.0
0.0	9999.0
0.0	9999.0
0.0	9999.0
0.0	9999.0
0.0	9999.0
0.0	9999.0
0.0	9999.0
0.0	9999.0
0.0	9999.0
0.0	9999.0
0.0	9999.0
0.0	9999.0
0.0	9999.0
0.0	9999.0
0.0	9999.0
0.0	9999.0
0.0	9999.0
0.0	9999.0
0.0	9999.0
0.0	9999.0
0.0	9999.0
0.0	9999.0
0.0	9999.0
0.0	9999.0
0.0	9999.0
0.0	9999.0
0.0	9999.0
0.0	9999.0
