dD	 D	 
0.0	1.0
0.0	1.0
0.0	1.0
0.0	1.0
0.0	1.0
0.0	1.0
0.0	1.0
0.0	1.0
0.0	1.0
0.0	1.0
0.0	1.0
0.0	1.0
0.0	1.0
0.0	1.0
0.0	1.0
0.0	1.0
0.0	1.0
0.0	1.0
0.0	1.0
0.0	1.0
0.001415627058175783	1.002004008016032
0.003740559170496745	1.0080160320641283
0.008826694107657677	1.0200400801603207
0.01589657751427943	1.0480961923847696
0.024459649881518886	1.0901803607214429
0.041424283332004624	1.2024048096192386
0.06375250229780673	1.3607214428857715
0.09609969908925581	1.6152304609218437
0.1423082109504355	2.036072144288577
0.1998949141025051	2.6312625250501003
0.2783466833900245	3.6012024048096194
0.3749390267980194	4.907815631262525
0.49389769011623524	6.735470941883768
0.6384380147009836	9.28256513026052
0.8031441037467723	12.603206412825651
1.0011805102751745	17.03206412825651
1.2209203360454703	22.374749498997996
1.4759513905549393	29.50300601202405
1.745834270754683	37.983967935871746
2.0253502060229205	47.95190380761523
2.3182945843437035	59.75751503006012
2.617819699470863	73.45490981963928
2.915906660335858	89.15631262525051
3.195557190414035	106.41482965931864
3.452235945337584	125.17635270541082
3.686134264042238	145.6993987975952
3.8832609359961845	167.27054108216433
4.035633880209093	189.41683366733466
4.145435191562717	212.23446893787576
4.20738928215009	235.33066132264528
4.225582621510287	258.1683366733467
4.193613003143192	281.07214428857714
4.120884165986061	303.50300601202406
4.0055257161947315	325.0501002004008
3.851168424005051	345.58917835671343
3.6745549209359045	364.312625250501
3.468730349943267	381.86573146292585
3.2462437564483904	397.7595190380762
3.0100958226495504	412.04008016032066
2.7673262786529356	425.1583166332665
2.524307140722527	436.563126252505
2.2901040119069047	446.52104208416836
2.0543915565132727	455.5070140280561
1.8212101502367781	463.3947895791583
1.6182735625281848	469.7214428857715
1.417831180599071	475.28256513026054
1.235624041382625	479.78957915831666
1.0721109173251773	483.56913827655313
0.9202824558411128	486.80360721442884
0.7845175267701812	489.37675350701403
0.6649987949165496	491.53507014028054
0.5604332844191154	493.2184368737475
0.47499775105961384	494.48496993987976
0.39315287293284223	495.563126252505
0.3252876069968907	496.40881763527057
0.26353686117634306	497.062124248497
0.2103132797222062	497.5811623246493
0.16829991532156038	497.9819639278557
0.13829558437247014	498.2384769539078
0.10949834493052273	498.4609218436874
0.08650059182425206	498.6052104208417
0.06656491714073182	498.71543086172346
0.05231408761804799	498.80961923847696
0.04587160331106505	498.85771543086173
0.03909408853785071	498.91182364729457
0.03602190870688369	498.93987975951904
0.03401500031592176	498.95991983967934
0.03313005342912719	498.9719438877755
0.03240276289749594	498.98396793587176
0.032062559449334255	498.9899799599198
0.03190617205162944	498.9919839679359
0.03181207178839419	498.9939879759519
0.0318756357170933	498.99799599198394
0.03174945795141255	499.0
0.03174945795141255	499.0
0.03174945795141255	499.0
0.03174945795141255	499.0
0.03174945795141255	499.0
0.031654383328691006	499.00200400801606
0.031654383328691006	499.00200400801606
0.031654383328691006	499.00200400801606
0.031654383328691006	499.00200400801606
0.031654383328691006	499.00200400801606
0.031654383328691006	499.00200400801606
0.031654383328691006	499.00200400801606
0.031654383328691006	499.00200400801606
0.031654383328691006	499.00200400801606
0.031654383328691006	499.00200400801606
0.031654383328691006	499.00200400801606
0.031654383328691006	499.00200400801606
0.031654383328691006	499.00200400801606
0.031654383328691006	499.00200400801606
0.031654383328691006	499.00200400801606
0.031654383328691006	499.00200400801606
0.031654383328691006	499.00200400801606
0.031654383328691006	499.00200400801606
0.031654383328691006	499.00200400801606
0.031654383328691006	499.00200400801606
0.031654383328691006	499.00200400801606
0.031654383328691006	499.00200400801606
0.031654383328691006	499.00200400801606
0.031654383328691006	499.00200400801606
0.031654383328691006	499.00200400801606
0.031654383328691006	499.00200400801606
0.031654383328691006	499.00200400801606
0.031654383328691006	499.00200400801606
0.031654383328691006	499.00200400801606
0.031654383328691006	499.00200400801606
0.031654383328691006	499.00200400801606
0.031654383328691006	499.00200400801606
0.031654383328691006	499.00200400801606
0.031654383328691006	499.00200400801606
0.031654383328691006	499.00200400801606
0.031654383328691006	499.00200400801606
0.031654383328691006	499.00200400801606
0.031654383328691006	499.00200400801606
0.031654383328691006	499.00200400801606
0.031654383328691006	499.00200400801606
0.031654383328691006	499.00200400801606
0.031654383328691006	499.00200400801606
0.031654383328691006	499.00200400801606
0.031654383328691006	499.00200400801606
0.031654383328691006	499.00200400801606
0.031654383328691006	499.00200400801606
0.031654383328691006	499.00200400801606
0.031654383328691006	499.00200400801606
0.031654383328691006	499.00200400801606
0.031654383328691006	499.00200400801606
0.031654383328691006	499.00200400801606
0.031654383328691006	499.00200400801606
0.031654383328691006	499.00200400801606
0.031654383328691006	499.00200400801606
0.031654383328691006	499.00200400801606
0.031654383328691006	499.00200400801606
0.031654383328691006	499.00200400801606
0.031654383328691006	499.00200400801606
0.031654383328691006	499.00200400801606
0.031654383328691006	499.00200400801606
0.031654383328691006	499.00200400801606
0.031654383328691006	499.00200400801606
0.031654383328691006	499.00200400801606
0.031654383328691006	499.00200400801606
0.031654383328691006	499.00200400801606
0.031654383328691006	499.00200400801606
0.031654383328691006	499.00200400801606
0.031654383328691006	499.00200400801606
0.031654383328691006	499.00200400801606
0.031654383328691006	499.00200400801606
0.031654383328691006	499.00200400801606
0.031654383328691006	499.00200400801606
0.031654383328691006	499.00200400801606
0.031654383328691006	499.00200400801606
0.031654383328691006	499.00200400801606
0.031654383328691006	499.00200400801606
0.031654383328691006	499.00200400801606
0.031654383328691006	499.00200400801606
0.031654383328691006	499.00200400801606
0.031654383328691006	499.00200400801606
0.031654383328691006	499.00200400801606
0.031654383328691006	499.00200400801606
0.031654383328691006	499.00200400801606
0.031654383328691006	499.00200400801606
0.031654383328691006	499.00200400801606
0.031654383328691006	499.00200400801606
0.031654383328691006	499.00200400801606
0.031654383328691006	499.00200400801606
0.031654383328691006	499.00200400801606
0.031654383328691006	499.00200400801606
0.031654383328691006	499.00200400801606
0.031654383328691006	499.00200400801606
0.031654383328691006	499.00200400801606
0.031654383328691006	499.00200400801606
0.031654383328691006	499.00200400801606
0.031654383328691006	499.00200400801606
0.031654383328691006	499.00200400801606
0.031654383328691006	499.00200400801606
0.031654383328691006	499.00200400801606
0.031654383328691006	499.00200400801606
0.031654383328691006	499.00200400801606
0.031654383328691006	499.00200400801606
0.031654383328691006	499.00200400801606
0.031654383328691006	499.00200400801606
0.031654383328691006	499.00200400801606
0.031654383328691006	499.00200400801606
0.031654383328691006	499.00200400801606
0.031654383328691006	499.00200400801606
0.031654383328691006	499.00200400801606
0.03168589490127916	499.00400801603206
0.03168589490127916	499.00400801603206
0.03174888759219171	499.0060120240481
0.03187342637680487	499.0120240480962
0.03239922329163224	499.02204408817636
0.03327561148318351	499.03406813627254
0.03507125901898154	499.0541082164329
0.03795638081205134	499.0841683366734
0.04496289277384327	499.12825651302603
0.050217492349210115	499.1683366733467
0.06070703310628625	499.2224448897796
0.07423331751738804	499.29258517034066
0.0925298436126668	499.42284569138275
0.1143452853077034	499.5831663326653
0.14441274232989973	499.8376753507014
0.17620426593321153	500.1102204408818
0.22121228360898715	500.5130260521042
0.2694548884900615	500.98597194388776
0.32858104371896624	501.59719438877755
0.4019523462253683	502.40280561122245
0.47971805549162955	503.45891783567134
0.5603935578314634	504.7314629258517
0.6641875915188769	506.37675350701403
0.7877548632788522	508.5390781563126
0.9264315256901055	511.1623246492986
1.0725160107312406	514.2685370741483
1.2328851637733484	518.0901803607214
1.4146842549770022	522.6653306613226
1.6144153225894378	528.2284569138277
1.8256431514640838	534.8276553106213
2.052252255631979	542.4829659318638
2.2897475541613614	551.4789579158316
2.5363970754777214	561.7775551102204
2.781901245091565	573.3907815631262
3.0220606856214562	586.4128256513026
3.261679708613904	600.943887775551
3.480566592903355	616.7114228456913
3.6862415772680035	634.2104208416833
3.8648799612175186	652.9819639278558
4.0161569960515155	673.1362725450902
4.133185706751601	694.436873747495
4.207177664047138	716.9739478957916
4.239446897988992	739.8216432865731
4.221781561215195	763.1222444889779
4.158492306984438	786.314629258517
4.047075871765217	809.186372745491
3.8943166907459776	831.623246492986
3.7019025089487423	852.6813627254509
3.4708809596436154	872.9038076152304
3.205185863896413	892.2084168336673
2.9244507946229703	909.6432865731463
2.632897473947248	925.0881763527054
2.3305854861295	938.7995991983968
2.0346985927452605	950.9158316633267
1.7514341827366986	961.0460921843687
1.4871569766848496	969.3066132264529
1.239637423415209	976.2404809619238
1.0148125904154062	981.813627254509
0.815988390605942	986.2525050100201
0.6412373327930024	989.6653306613226
0.49775069607751893	992.2244488977956
0.37814281052404025	994.0861723446894
0.2797170993343551	995.4328657314629
0.19770304560173646	996.3687374749499
0.13989437417885586	996.9579158316633
0.1019825372570271	997.3366733466934
0.06790999410604778	997.627254509018
0.04752130644425101	997.7835671342685
0.03393623724553558	997.869739478958
0.022557458447109924	997.9278557114228
0.014722291806634343	997.9539078156313
0.007335818979516473	997.9799599198396
0.0031628947902061595	997.9939879759519
0.001415627058175783	997.997995991984
0.0	998.0
0.0	998.0
0.0	998.0
0.0	998.0
0.0	998.0
0.0	998.0
0.0	998.0
0.0	998.0
0.0	998.0
0.0	998.0
0.0	998.0
0.0	998.0
0.0	998.0
0.0	998.0
0.0	998.0
0.0	998.0
0.0	998.0
0.0	998.0
0.0	998.0
