dD	 D	 
0.0	1.0
0.0	1.0
0.0	1.0
0.0	1.0
0.0	1.0
0.0	1.0
0.0	1.0
0.0	1.0
0.001415627058175783	1.002004008016032
0.001415627058175783	1.002004008016032
0.0037357149303846285	1.0100200400801602
0.00795935602802863	1.0300601202404809
0.014654485605466203	1.0641282565130261
0.024961631079423112	1.1242484969939879
0.03803649960344769	1.2304609218436873
0.06222667045706453	1.4468937875751502
0.09467028732369936	1.7915831663326653
0.15166386427638648	2.440881763527054
0.22543102148884656	3.402805611222445
0.3134134618009826	4.793587174348698
0.42770600749509896	6.887775551102204
0.5756826878298509	9.91182364729459
0.7564201951222386	14.202404809619239
0.9604081809401057	19.607214428857716
1.1942132225831636	26.75551102204409
1.4471079391745636	35.39879759519038
1.7154324615736494	46.13627254509018
2.0046688241079993	59.21843687374749
2.2930829474171674	74.09218436873748
2.5722239797709916	91.02605210420842
2.835611813725939	110.01603206412825
3.0749447388698123	130.80961923847696
3.2779115881585	152.86773547094188
3.4464992974293582	175.50300601202406
3.5798988849648428	199.18837675350701
3.659948071192556	223.18837675350701
3.7036408502383704	247.124248496994
3.7047057382884425	270.4629258517034
3.6644432861314185	293.29058116232466
3.5855956343707587	314.9498997995992
3.476683302443599	335.80961923847696
3.339398332872479	355.19639278557116
3.184125221441998	373.0681362725451
3.008563517292578	389.3707414829659
2.8219179204140747	404.1683366733467
2.628350259590087	417.30060120240483
2.4322865766719604	429.12825651302603
2.2384446976541184	439.65931863727457
2.054182000686569	448.5871743486974
1.8743930537200462	456.4609218436874
1.6981222425203675	463.2965931863727
1.5291950110268522	469.1583166332665
1.3653059349335295	474.32665330661325
1.2202026273898394	478.6212424849699
1.0832842804748877	482.19639278557116
0.9609476304324728	485.14028056112227
0.8407946026299099	487.79158316633266
0.7371387666047985	489.91182364729457
0.6395477550599423	491.6693386773547
0.5573420925890785	493.0841683366734
0.4887289674868564	494.18036072144287
0.42772765603672014	495.1102204408818
0.36095139990013814	495.94789579158316
0.3101578270187892	496.5450901803607
0.262863995755608	497.0681362725451
0.22309715636275487	497.4929859719439
0.18854799857551013	497.8056112224449
0.16057904144078916	498.0861723446894
0.13361099245148492	498.2785571142285
0.11405574195612156	498.43086172344687
0.09293824575509298	498.5671342685371
0.07428057251812961	498.6673346693387
0.06449748575084513	498.7414829659319
0.054270400203755696	498.80360721442884
0.045057794920319076	498.87374749498997
0.04097665655824365	498.90180360721445
0.03786743269506828	498.9238476953908
0.036018501315455705	498.937875751503
0.03380775174487404	498.95991983967934
0.033037246695677175	498.9699398797595
0.03246114166244567	498.97795591182364
0.03212161915558492	498.9819639278557
0.03206011195684717	498.98396793587176
0.031935545147589825	498.98597194388776
0.03174844397238041	498.9919839679359
0.03162245859459046	498.99599198396794
0.03162245859459046	498.99599198396794
0.03162264947558239	498.99799599198394
0.03162264947558239	498.99799599198394
0.031622713102323646	499.0
0.031654383328691006	499.00200400801606
0.031654383328691006	499.00200400801606
0.031654383328691006	499.00200400801606
0.031654383328691006	499.00200400801606
0.031654383328691006	499.00200400801606
0.031654383328691006	499.00200400801606
0.031654383328691006	499.00200400801606
0.031654383328691006	499.00200400801606
0.031654383328691006	499.00200400801606
0.031654383328691006	499.00200400801606
0.031654383328691006	499.00200400801606
0.031654383328691006	499.00200400801606
0.031654383328691006	499.00200400801606
0.031654383328691006	499.00200400801606
0.031654383328691006	499.00200400801606
0.031654383328691006	499.00200400801606
0.031654383328691006	499.00200400801606
0.031654383328691006	499.00200400801606
0.031654383328691006	499.00200400801606
0.031654383328691006	499.00200400801606
0.031654383328691006	499.00200400801606
0.031654383328691006	499.00200400801606
0.031654383328691006	499.00200400801606
0.031654383328691006	499.00200400801606
0.031654383328691006	499.00200400801606
0.031654383328691006	499.00200400801606
0.031654383328691006	499.00200400801606
0.031654383328691006	499.00200400801606
0.031654383328691006	499.00200400801606
0.031654383328691006	499.00200400801606
0.031654383328691006	499.00200400801606
0.031654383328691006	499.00200400801606
0.031654383328691006	499.00200400801606
0.031654383328691006	499.00200400801606
0.031654383328691006	499.00200400801606
0.031654383328691006	499.00200400801606
0.031654383328691006	499.00200400801606
0.031654383328691006	499.00200400801606
0.031654383328691006	499.00200400801606
0.031654383328691006	499.00200400801606
0.031654383328691006	499.00200400801606
0.031654383328691006	499.00200400801606
0.031654383328691006	499.00200400801606
0.031654383328691006	499.00200400801606
0.031654383328691006	499.00200400801606
0.031654383328691006	499.00200400801606
0.031654383328691006	499.00200400801606
0.031654383328691006	499.00200400801606
0.031654383328691006	499.00200400801606
0.031654383328691006	499.00200400801606
0.031654383328691006	499.00200400801606
0.031654383328691006	499.00200400801606
0.031654383328691006	499.00200400801606
0.031654383328691006	499.00200400801606
0.031654383328691006	499.00200400801606
0.031654383328691006	499.00200400801606
0.031654383328691006	499.00200400801606
0.031654383328691006	499.00200400801606
0.031654383328691006	499.00200400801606
0.031654383328691006	499.00200400801606
0.031654383328691006	499.00200400801606
0.031654383328691006	499.00200400801606
0.031654383328691006	499.00200400801606
0.031654383328691006	499.00200400801606
0.031654383328691006	499.00200400801606
0.031654383328691006	499.00200400801606
0.031654383328691006	499.00200400801606
0.031654383328691006	499.00200400801606
0.031654383328691006	499.00200400801606
0.031654383328691006	499.00200400801606
0.031654383328691006	499.00200400801606
0.031654383328691006	499.00200400801606
0.031654383328691006	499.00200400801606
0.031654383328691006	499.00200400801606
0.031654383328691006	499.00200400801606
0.031654383328691006	499.00200400801606
0.031654383328691006	499.00200400801606
0.031654383328691006	499.00200400801606
0.031654383328691006	499.00200400801606
0.031654383328691006	499.00200400801606
0.031654383328691006	499.00200400801606
0.031654383328691006	499.00200400801606
0.031654383328691006	499.00200400801606
0.031654383328691006	499.00200400801606
0.031654383328691006	499.00200400801606
0.031654383328691006	499.00200400801606
0.031654383328691006	499.00200400801606
0.031654383328691006	499.00200400801606
0.031654383328691006	499.00200400801606
0.031654383328691006	499.00200400801606
0.031654383328691006	499.00200400801606
0.031654383328691006	499.00200400801606
0.031654383328691006	499.00200400801606
0.031654383328691006	499.00200400801606
0.031654383328691006	499.00200400801606
0.031654383328691006	499.00200400801606
0.031654383328691006	499.00200400801606
0.031654383328691006	499.00200400801606
0.031654383328691006	499.00200400801606
0.031654383328691006	499.00200400801606
0.031654383328691006	499.00200400801606
0.031654383328691006	499.00200400801606
0.031654383328691006	499.00200400801606
0.031654383328691006	499.00200400801606
0.031654383328691006	499.00200400801606
0.031654383328691006	499.00200400801606
0.031654383328691006	499.00200400801606
0.031654383328691006	499.00200400801606
0.031654383328691006	499.00200400801606
0.031654383328691006	499.00200400801606
0.031654383328691006	499.00200400801606
0.031654383328691006	499.00200400801606
0.031654383328691006	499.00200400801606
0.031654383328691006	499.00200400801606
0.031654383328691006	499.00200400801606
0.031654383328691006	499.00200400801606
0.031654383328691006	499.00200400801606
0.031654383328691006	499.00200400801606
0.031654383328691006	499.00200400801606
0.031654383328691006	499.00200400801606
0.031654383328691006	499.00200400801606
0.031654383328691006	499.00200400801606
0.031654383328691006	499.00200400801606
0.031654383328691006	499.00200400801606
0.031654383328691006	499.00200400801606
0.031654383328691006	499.00200400801606
0.031654383328691006	499.00200400801606
0.031654383328691006	499.00200400801606
0.031654383328691006	499.00200400801606
0.031654383328691006	499.00200400801606
0.031654383328691006	499.00200400801606
0.031654383328691006	499.00200400801606
0.031654383328691006	499.00200400801606
0.031654383328691006	499.00200400801606
0.031654383328691006	499.00200400801606
0.031654383328691006	499.00200400801606
0.031654383328691006	499.00200400801606
0.031654383328691006	499.00200400801606
0.031654383328691006	499.00200400801606
0.031654383328691006	499.00200400801606
0.031654383328691006	499.00200400801606
0.031654383328691006	499.00200400801606
0.031654383328691006	499.00200400801606
0.031654383328691006	499.00200400801606
0.031654383328691006	499.00200400801606
0.031654383328691006	499.00200400801606
0.031654383328691006	499.00200400801606
0.031654383328691006	499.00200400801606
0.031654383328691006	499.00200400801606
0.031654383328691006	499.00200400801606
0.031654383328691006	499.00200400801606
0.031654383328691006	499.00200400801606
0.031654383328691006	499.00200400801606
0.031654383328691006	499.00200400801606
0.031654383328691006	499.00200400801606
0.031654383328691006	499.00200400801606
0.031654383328691006	499.00200400801606
0.031654383328691006	499.00200400801606
0.031654383328691006	499.00200400801606
0.031654383328691006	499.00200400801606
0.031654383328691006	499.00200400801606
0.031654383328691006	499.00200400801606
0.031654383328691006	499.00200400801606
0.031654383328691006	499.00200400801606
0.031654383328691006	499.00200400801606
0.031654383328691006	499.00200400801606
0.031654383328691006	499.00200400801606
0.031654383328691006	499.00200400801606
0.031654383328691006	499.00200400801606
0.031654383328691006	499.00200400801606
0.031654383328691006	499.00200400801606
0.031654383328691006	499.00200400801606
0.031654383328691006	499.00200400801606
0.031654383328691006	499.00200400801606
0.031654383328691006	499.00200400801606
0.031654383328691006	499.00200400801606
0.031654383328691006	499.00200400801606
0.031654383328691006	499.00200400801606
0.031654383328691006	499.00200400801606
0.031654383328691006	499.00200400801606
0.031654383328691006	499.00200400801606
0.031654383328691006	499.00200400801606
0.031654383328691006	499.00200400801606
0.031654383328691006	499.00200400801606
0.031654383328691006	499.00200400801606
0.031654383328691006	499.00200400801606
0.031654383328691006	499.00200400801606
0.031654383328691006	499.00200400801606
0.031654383328691006	499.00200400801606
0.031654383328691006	499.00200400801606
0.031654383328691006	499.00200400801606
0.031654383328691006	499.00200400801606
0.031654383328691006	499.00200400801606
0.031654383328691006	499.00200400801606
0.031654383328691006	499.00200400801606
0.031654383328691006	499.00200400801606
0.031654383328691006	499.00200400801606
0.031654383328691006	499.00200400801606
0.031654383328691006	499.00200400801606
0.031654383328691006	499.00200400801606
0.031654383328691006	499.00200400801606
0.031654383328691006	499.00200400801606
0.031654383328691006	499.00200400801606
0.031654383328691006	499.00200400801606
0.031654383328691006	499.00200400801606
0.031654383328691006	499.00200400801606
0.031654383328691006	499.00200400801606
0.031654383328691006	499.00200400801606
0.031654383328691006	499.00200400801606
0.031654383328691006	499.00200400801606
0.031654383328691006	499.00200400801606
0.031654383328691006	499.00200400801606
0.031654383328691006	499.00200400801606
0.031654383328691006	499.00200400801606
0.031654383328691006	499.00200400801606
0.031654383328691006	499.00200400801606
0.031654383328691006	499.00200400801606
0.031654383328691006	499.00200400801606
0.031654383328691006	499.00200400801606
0.031654383328691006	499.00200400801606
0.03168589490127916	499.00400801603206
0.03168589490127916	499.00400801603206
0.03168589490127916	499.00400801603206
0.03184317457258084	499.0080160320641
0.03184317457258084	499.0080160320641
0.03196847894801397	499.0100200400802
0.03199917819654502	499.0120240480962
0.03206105332222242	499.01402805611224
0.03218407160855755	499.0180360721443
0.032459716015609	499.02404809619236
0.03324742231653765	499.03206412825654
0.03357388444684565	499.0360721442886
0.034558172434881275	499.0501002004008
0.036470820854961415	499.07214428857714
0.03811476077236248	499.0841683366734
0.04357935504788226	499.1202404809619
0.05031060112824667	499.17034068136275
0.059937869560123126	499.23647294589176
0.07084812309407228	499.3046092184369
0.08620680109733132	499.4128256513026
0.10615574935139897	499.55911823647295
0.1312399673300473	499.73346693386776
0.15510006998815218	499.92184368737475
0.1837967419445687	500.17835671342687
0.21955843264804079	500.48496993987976
0.2575569724700998	500.88376753507015
0.30313270805707404	501.38476953907815
0.354349300555555	501.9819639278557
0.4036619125283239	502.69939879759517
0.47834282606060463	503.66132264529057
0.5516264837719401	504.80961923847696
0.6411778098814489	506.23647294589176
0.7378604007028735	508.04008016032066
0.847837677963737	510.1943887775551
0.9633176323614282	512.7915831663327
1.0867833531167912	515.8336673346694
1.2261399438764016	519.501002004008
1.3804943673406618	523.9178356713427
1.5402317547571809	529.12625250501
1.7117054940618477	534.9819639278558
1.8834694972240287	541.689378757515
2.0647853177744135	549.6773547094189
2.2600583801723024	559.056112224449
2.456945895230012	569.6913827655311
2.645890284871722	581.312625250501
2.8417390959352655	594.8637274549098
3.025524425275965	609.5450901803607
3.2024934693142884	626.0801603206413
3.3603543711274244	644.1062124248497
3.496066435746392	663.503006012024
3.6040970886859136	683.8316633266533
3.682229286974312	705.8036072144289
3.7213643195138717	728.871743486974
3.7246724378641076	752.563126252505
3.6836024147470092	776.2424849699398
3.593767222072935	799.9879759519038
3.4697415479388223	823.6392785571143
3.301055207122837	846.685370741483
3.099685222592382	868.1983967935872
2.8588851091115197	888.4248496993988
2.5980247591392724	907.1983967935872
2.322038025606374	924.1983967935872
2.031810396396676	939.1583166332665
1.7396655356802293	952.4689378757515
1.4698995140889637	963.0721442885772
1.2119283893990185	971.9719438877755
0.9678638046939089	979.1643286573146
0.7543075847338224	984.8056112224449
0.5741881911058634	988.941883767535
0.4245006286622072	992.0360721442886
0.3042580675924535	994.1643286573146
0.21146847810997607	995.6653306613226
0.1406381217772739	996.6533066132265
0.09211486927167145	997.2384769539078
0.059923265310784894	997.5711422845692
0.033818403145099665	997.7975951903808
0.018401511707467073	997.9178356713427
0.008448872388523645	997.9699398797595
0.0031584386616913297	997.9919839679359
0.0	998.0
0.0	998.0
0.0	998.0
0.0	998.0
0.0	998.0
0.0	998.0
0.0	998.0
0.0	998.0
0.0	998.0
0.0	998.0
0.0	998.0
