dD	 D	 
0.0	1.0
0.0	1.0
0.0	1.0
0.001415627058175783	1.002004008016032
0.001415627058175783	1.002004008016032
0.001415627058175783	1.002004008016032
0.0037357149303846285	1.0100200400801602
0.007710512242769793	1.028056112224449
0.015903284370610542	1.0781563126252505
0.03603559088575763	1.250501002004008
0.05857508942856594	1.5130260521042085
0.10318936270811095	2.0501002004008018
0.17653759770503316	3.158316633266533
0.280378296628586	5.012024048096192
0.42149002434085725	7.991983967935872
0.6027072089435854	12.46693386773547
0.8372472343346935	18.985971943887776
1.1142258620092051	27.91182364729459
1.4244378240704876	39.480961923847694
1.756490553335556	53.74749498997996
2.0819598354758395	70.27254509018036
2.413919815520836	90.062124248497
2.732927763771514	112.312625250501
3.0122473813911466	136.65330661322645
3.2532775540915857	162.2004008016032
3.4385701823293005	188.23446893787576
3.568350355265221	214.6372745490982
3.644059623472623	241.0320641282565
3.6741317397874207	266.8076152304609
3.646906820773399	292.03406813627254
3.578519156434962	315.4889779559118
3.47214220042157	337.5831663326653
3.3362634066141847	357.6553106212425
3.1723751038842463	376.32865731462925
2.9902159210268167	393.1503006012024
2.788793779799341	408.248496993988
2.582120836297573	421.94789579158316
2.3727506467138246	433.74749498997994
2.1662377074880497	444.04208416833666
1.9558492580894726	453.15430861723445
1.7594368329565857	460.9539078156313
1.5766335652266812	467.38476953907815
1.3938418867401303	473.14228456913827
1.2319277986123702	477.91983967935874
1.083395289154009	481.8697394789579
0.9551521455969729	485.13426853707415
0.8352092899591723	487.8356713426854
0.7331926473937301	490.0260521042084
0.6314502473880382	491.87374749498997
0.5497348436353001	493.2745490981964
0.4710667321363195	494.4809619238477
0.40004849909034473	495.4529058116232
0.3447170288403433	496.1583166332665
0.2790752875544739	496.85771543086173
0.23538677354305962	497.33867735470943
0.19351623735984083	497.7114228456914
0.1568703244384311	497.9939879759519
0.1283180410677665	498.2244488977956
0.10056281622141086	498.4448897795591
0.08296733649862202	498.59719438877755
0.07030085342992372	498.687374749499
0.053454071513532146	498.7995991983968
0.04384916691366969	498.8697394789579
0.041019500469660186	498.8897795591182
0.03807070911347382	498.91983967935874
0.03618536418769951	498.937875751503
0.03474021911279786	498.9559118236473
0.03340331282066093	498.9739478957916
0.032679394889307954	498.9819639278557
0.0322172509760096	498.98597194388776
0.0320305390107379	498.9879759519038
0.03199986984838802	498.9899799599198
0.03200043573423119	498.9919839679359
0.03171756547654736	498.99599198396794
0.031622713102323646	499.0
0.031654383328691006	499.00200400801606
0.031654383328691006	499.00200400801606
0.031654383328691006	499.00200400801606
0.031654383328691006	499.00200400801606
0.031654383328691006	499.00200400801606
0.031654383328691006	499.00200400801606
0.031654383328691006	499.00200400801606
0.031654383328691006	499.00200400801606
0.031654383328691006	499.00200400801606
0.031654383328691006	499.00200400801606
0.031654383328691006	499.00200400801606
0.031654383328691006	499.00200400801606
0.031654383328691006	499.00200400801606
0.031654383328691006	499.00200400801606
0.031654383328691006	499.00200400801606
0.031654383328691006	499.00200400801606
0.031654383328691006	499.00200400801606
0.031654383328691006	499.00200400801606
0.031654383328691006	499.00200400801606
0.031654383328691006	499.00200400801606
0.031654383328691006	499.00200400801606
0.031654383328691006	499.00200400801606
0.031654383328691006	499.00200400801606
0.031654383328691006	499.00200400801606
0.031654383328691006	499.00200400801606
0.031654383328691006	499.00200400801606
0.031654383328691006	499.00200400801606
0.031654383328691006	499.00200400801606
0.031654383328691006	499.00200400801606
0.031654383328691006	499.00200400801606
0.031654383328691006	499.00200400801606
0.031654383328691006	499.00200400801606
0.031654383328691006	499.00200400801606
0.031654383328691006	499.00200400801606
0.031654383328691006	499.00200400801606
0.031654383328691006	499.00200400801606
0.031654383328691006	499.00200400801606
0.031654383328691006	499.00200400801606
0.031654383328691006	499.00200400801606
0.031654383328691006	499.00200400801606
0.031654383328691006	499.00200400801606
0.031654383328691006	499.00200400801606
0.031654383328691006	499.00200400801606
0.031654383328691006	499.00200400801606
0.031654383328691006	499.00200400801606
0.031654383328691006	499.00200400801606
0.031654383328691006	499.00200400801606
0.031654383328691006	499.00200400801606
0.031654383328691006	499.00200400801606
0.031654383328691006	499.00200400801606
0.031654383328691006	499.00200400801606
0.031654383328691006	499.00200400801606
0.031654383328691006	499.00200400801606
0.031654383328691006	499.00200400801606
0.031654383328691006	499.00200400801606
0.031654383328691006	499.00200400801606
0.031654383328691006	499.00200400801606
0.031654383328691006	499.00200400801606
0.031654383328691006	499.00200400801606
0.031654383328691006	499.00200400801606
0.031654383328691006	499.00200400801606
0.031654383328691006	499.00200400801606
0.031654383328691006	499.00200400801606
0.031654383328691006	499.00200400801606
0.031654383328691006	499.00200400801606
0.031654383328691006	499.00200400801606
0.031654383328691006	499.00200400801606
0.031654383328691006	499.00200400801606
0.031654383328691006	499.00200400801606
0.031654383328691006	499.00200400801606
0.031654383328691006	499.00200400801606
0.031654383328691006	499.00200400801606
0.031654383328691006	499.00200400801606
0.031654383328691006	499.00200400801606
0.031654383328691006	499.00200400801606
0.031654383328691006	499.00200400801606
0.031654383328691006	499.00200400801606
0.031654383328691006	499.00200400801606
0.031654383328691006	499.00200400801606
0.031654383328691006	499.00200400801606
0.031654383328691006	499.00200400801606
0.031654383328691006	499.00200400801606
0.031654383328691006	499.00200400801606
0.031654383328691006	499.00200400801606
0.031654383328691006	499.00200400801606
0.031654383328691006	499.00200400801606
0.031654383328691006	499.00200400801606
0.031654383328691006	499.00200400801606
0.031654383328691006	499.00200400801606
0.031654383328691006	499.00200400801606
0.031654383328691006	499.00200400801606
0.031654383328691006	499.00200400801606
0.031654383328691006	499.00200400801606
0.031654383328691006	499.00200400801606
0.031654383328691006	499.00200400801606
0.031654383328691006	499.00200400801606
0.031654383328691006	499.00200400801606
0.031654383328691006	499.00200400801606
0.031654383328691006	499.00200400801606
0.031654383328691006	499.00200400801606
0.031654383328691006	499.00200400801606
0.031654383328691006	499.00200400801606
0.031654383328691006	499.00200400801606
0.031654383328691006	499.00200400801606
0.031654383328691006	499.00200400801606
0.031654383328691006	499.00200400801606
0.031654383328691006	499.00200400801606
0.031654383328691006	499.00200400801606
0.031654383328691006	499.00200400801606
0.031654383328691006	499.00200400801606
0.031654383328691006	499.00200400801606
0.031654383328691006	499.00200400801606
0.031654383328691006	499.00200400801606
0.031654383328691006	499.00200400801606
0.031654383328691006	499.00200400801606
0.031654383328691006	499.00200400801606
0.031654383328691006	499.00200400801606
0.031654383328691006	499.00200400801606
0.031654383328691006	499.00200400801606
0.031654383328691006	499.00200400801606
0.031654383328691006	499.00200400801606
0.031654383328691006	499.00200400801606
0.031654383328691006	499.00200400801606
0.031654383328691006	499.00200400801606
0.031654383328691006	499.00200400801606
0.031654383328691006	499.00200400801606
0.031654383328691006	499.00200400801606
0.031654383328691006	499.00200400801606
0.031654383328691006	499.00200400801606
0.031654383328691006	499.00200400801606
0.031654383328691006	499.00200400801606
0.031654383328691006	499.00200400801606
0.031654383328691006	499.00200400801606
0.031654383328691006	499.00200400801606
0.031654383328691006	499.00200400801606
0.031654383328691006	499.00200400801606
0.031654383328691006	499.00200400801606
0.031654383328691006	499.00200400801606
0.031654383328691006	499.00200400801606
0.031654383328691006	499.00200400801606
0.031654383328691006	499.00200400801606
0.031654383328691006	499.00200400801606
0.031654383328691006	499.00200400801606
0.031654383328691006	499.00200400801606
0.031654383328691006	499.00200400801606
0.031654383328691006	499.00200400801606
0.031654383328691006	499.00200400801606
0.031654383328691006	499.00200400801606
0.031654383328691006	499.00200400801606
0.031654383328691006	499.00200400801606
0.031654383328691006	499.00200400801606
0.031654383328691006	499.00200400801606
0.031654383328691006	499.00200400801606
0.031654383328691006	499.00200400801606
0.031654383328691006	499.00200400801606
0.031654383328691006	499.00200400801606
0.031654383328691006	499.00200400801606
0.031654383328691006	499.00200400801606
0.031654383328691006	499.00200400801606
0.031654383328691006	499.00200400801606
0.031654383328691006	499.00200400801606
0.031654383328691006	499.00200400801606
0.031654383328691006	499.00200400801606
0.031654383328691006	499.00200400801606
0.031654383328691006	499.00200400801606
0.031654383328691006	499.00200400801606
0.031654383328691006	499.00200400801606
0.031654383328691006	499.00200400801606
0.031654383328691006	499.00200400801606
0.031654383328691006	499.00200400801606
0.031654383328691006	499.00200400801606
0.031654383328691006	499.00200400801606
0.031654383328691006	499.00200400801606
0.031654383328691006	499.00200400801606
0.031654383328691006	499.00200400801606
0.031654383328691006	499.00200400801606
0.031654383328691006	499.00200400801606
0.031654383328691006	499.00200400801606
0.031654383328691006	499.00200400801606
0.031654383328691006	499.00200400801606
0.031654383328691006	499.00200400801606
0.031654383328691006	499.00200400801606
0.031654383328691006	499.00200400801606
0.031654383328691006	499.00200400801606
0.031654383328691006	499.00200400801606
0.031654383328691006	499.00200400801606
0.031654383328691006	499.00200400801606
0.031654383328691006	499.00200400801606
0.031654383328691006	499.00200400801606
0.031654383328691006	499.00200400801606
0.031654383328691006	499.00200400801606
0.031654383328691006	499.00200400801606
0.031654383328691006	499.00200400801606
0.031654383328691006	499.00200400801606
0.031654383328691006	499.00200400801606
0.031654383328691006	499.00200400801606
0.031654383328691006	499.00200400801606
0.031654383328691006	499.00200400801606
0.031654383328691006	499.00200400801606
0.031654383328691006	499.00200400801606
0.031654383328691006	499.00200400801606
0.031654383328691006	499.00200400801606
0.031654383328691006	499.00200400801606
0.031654383328691006	499.00200400801606
0.031654383328691006	499.00200400801606
0.031654383328691006	499.00200400801606
0.031654383328691006	499.00200400801606
0.031654383328691006	499.00200400801606
0.031654383328691006	499.00200400801606
0.031654383328691006	499.00200400801606
0.031654383328691006	499.00200400801606
0.031654383328691006	499.00200400801606
0.031654383328691006	499.00200400801606
0.031654383328691006	499.00200400801606
0.031654383328691006	499.00200400801606
0.031654383328691006	499.00200400801606
0.031654383328691006	499.00200400801606
0.031654383328691006	499.00200400801606
0.031654383328691006	499.00200400801606
0.031654383328691006	499.00200400801606
0.031654383328691006	499.00200400801606
0.031654383328691006	499.00200400801606
0.031654383328691006	499.00200400801606
0.031654383328691006	499.00200400801606
0.031654383328691006	499.00200400801606
0.031654383328691006	499.00200400801606
0.031654383328691006	499.00200400801606
0.031654383328691006	499.00200400801606
0.031654383328691006	499.00200400801606
0.031654383328691006	499.00200400801606
0.031654383328691006	499.00200400801606
0.031654383328691006	499.00200400801606
0.031654383328691006	499.00200400801606
0.031654383328691006	499.00200400801606
0.031654383328691006	499.00200400801606
0.031654383328691006	499.00200400801606
0.031654383328691006	499.00200400801606
0.031654383328691006	499.00200400801606
0.031654383328691006	499.00200400801606
0.031654383328691006	499.00200400801606
0.031654383328691006	499.00200400801606
0.031654383328691006	499.00200400801606
0.031654383328691006	499.00200400801606
0.031654383328691006	499.00200400801606
0.031654383328691006	499.00200400801606
0.031654383328691006	499.00200400801606
0.031654383328691006	499.00200400801606
0.031654383328691006	499.00200400801606
0.031654383328691006	499.00200400801606
0.031654383328691006	499.00200400801606
0.031654383328691006	499.00200400801606
0.031654383328691006	499.00200400801606
0.031654383328691006	499.00200400801606
0.031654383328691006	499.00200400801606
0.031654383328691006	499.00200400801606
0.031874120757397074	499.0100200400802
0.0321226839914397	499.01603206412824
0.03312640932002085	499.03206412825654
0.03441821429076468	499.0460921843687
0.03693187544512172	499.0741482965932
0.04032963391215332	499.1002004008016
0.0443380604786188	499.13426853707415
0.049942160603596415	499.17835671342687
0.05934998130430133	499.24448897795594
0.07111273785412149	499.3246492985972
0.08241787902242813	499.41082164328657
0.10080801390881315	499.5430861723447
0.12504014850054238	499.7214428857715
0.15025171794737155	499.9318637274549
0.17894138743381574	500.2324649298597
0.21916267397279054	500.62324649298597
0.2680063414176447	501.09819639278555
0.33040209465393033	501.7575150300601
0.39649143691815797	502.565130260521
0.4644199531155872	503.55911823647295
0.5427882880843452	504.80961923847696
0.6363907339990651	506.3246492985972
0.7299701228597614	508.12224448897797
0.8384353936906755	510.3707414829659
0.9604937827183215	512.9859719438878
1.092312819457383	516.2064128256513
1.2381402586820867	520.1362725450902
1.393544266135215	524.6613226452906
1.5749729573120004	530.3587174348697
1.7603586057868021	536.9318637274549
1.9550534817409162	544.5551102204408
2.1627184085534594	553.6653306613226
2.3727518338873375	564.1002004008016
2.5814168424026707	575.8016032064128
2.7884639540737446	589.3286573146293
2.9840671972290225	604.3927855711423
3.167943840875727	621.1523046092184
3.3338922797933193	639.9659318637274
3.4713098943753313	660.3026052104209
3.5751911637699374	682.7014028056112
3.6400803752955078	706.6953907815631
3.660384341485101	731.8637274549098
3.629006178028417	758.3667334669339
3.553660619951372	784.7955911823648
3.411864339762784	811.4108216432866
3.2198707192718308	837.7915831663327
2.985543011268752	862.943887775551
2.6971015379757746	887.0981963927856
2.3822293688462723	909.3046092184369
2.0507757352204723	928.9719438877755
1.716831483727236	945.87374749499
1.3890947432267415	960.0801603206413
1.0857995217873087	971.4949899799599
0.821783544877897	980.128256513026
0.5914042403835359	986.627254509018
0.40281888294395063	991.2084168336673
0.2681133089511619	994.0501002004008
0.1749681916435556	995.8196392785571
0.10759799784153046	996.869739478958
0.060117295306861974	997.4569138276553
0.03265894747772449	997.7555110220441
0.015292625078418292	997.9158316633267
0.008207764403857877	997.9699398797595
0.005283479552200256	997.9859719438878
0.001415627058175783	997.997995991984
0.0	998.0
0.0	998.0
0.0	998.0
0.0	998.0
0.0	998.0
