dD	 D	 
0.0	1.0
0.0	1.0
0.0	1.0
0.0	1.0
0.0	1.0
0.0	1.0
0.0	1.0
0.0	1.0
0.0	1.0
0.0	1.0
0.0	1.0
0.0	1.0
0.0	1.0
0.0	1.0
0.0031584386616913306	1.0080160320641283
0.004672335876328095	1.0160320641282565
0.009939394583154156	1.0400801603206413
0.01602905180916283	1.0781563126252505
0.02527061466714205	1.1482965931863727
0.04485774372978236	1.3066132264529058
0.0736450167443423	1.5871743486973948
0.11843379235880852	2.0741482965931866
0.1773432905415181	2.787575150300601
0.255603819215014	3.911823647294589
0.3567723371896814	5.575150300601202
0.4798392702194468	7.825651302605211
0.6404472761201803	11.17434869739479
0.8274758890525737	15.665330661322646
1.0439491779183818	21.4188376753507
1.2891006082532497	28.92184368737475
1.5653033125466418	38.589178356713425
1.85815318268565	50.46292585170341
2.1616667994520626	64.62124248496994
2.46945320775014	81.1062124248497
2.758130336146185	99.38476953907815
3.032577980276933	119.88977955911824
3.2770392311986907	142.23446893787576
3.478201829382972	166.07214428857716
3.6397598108458937	191.1302605210421
3.750502206657311	217.0
3.8086902139013663	242.44689378757516
3.8178598722300285	267.87374749498997
3.777101151260818	292.67134268537075
3.6849646871480246	316.40881763527057
3.558269837335443	339.01603206412824
3.3926537814770383	360.0260521042084
3.205669953296687	378.9819639278557
2.992681373075329	396.47895791583164
2.7724914278123243	411.94188376753505
2.5458777668124615	425.6673346693387
2.3174441136122437	437.9258517034068
2.1026981677845553	448.22845691382764
1.908072348936885	456.9519038076152
1.7211908684856734	464.4248496993988
1.5548888446137334	470.46492985971946
1.400675520049875	475.76352705410824
1.2659931261787933	480.1482965931864
1.1544065722313321	483.57915831663325
1.0492371810011387	486.4549098196393
0.9590770847745318	488.7374749498998
0.8860423577835151	490.5871743486974
0.8167408685913373	492.1482965931864
0.7557803635113532	493.3446893787575
0.7075141942739981	494.2685370741483
0.6605487350554238	495.0541082164329
0.6185447156687116	495.6132264529058
0.5747966256987651	496.1382765531062
0.5305377597258826	496.57715430861725
0.4882941364749115	496.93987975951904
0.44697378171520397	497.2625250501002
0.41099933947412615	497.5070140280561
0.3741935673220585	497.7414829659319
0.34248483258583634	497.9058116232465
0.30767083854420624	498.0541082164329
0.2789107570355541	498.17234468937875
0.24790990887276654	498.29058116232466
0.21820797724248145	498.3947895791583
0.19618530651086008	498.4749498997996
0.17145891758604717	498.55310621242484
0.14412435562220957	498.6292585170341
0.12349542431821608	498.6933867735471
0.10407997860605854	498.74549098196394
0.09269819135978714	498.7775551102204
0.07344793326825637	498.82965931863725
0.06089238730795048	498.8697394789579
0.05353685457118534	498.8937875751503
0.04181653700533423	498.9338677354709
0.03762109926379554	498.9519038076152
0.03420193865460389	498.9699398797595
0.03295230042130491	498.97795591182364
0.0324945334779	498.9819639278557
0.031937057193571414	498.9899799599198
0.03184361687268118	498.9939879759519
0.03171756547654736	498.99599198396794
0.031654383328691006	499.00200400801606
0.031654383328691006	499.00200400801606
0.031654383328691006	499.00200400801606
0.031654383328691006	499.00200400801606
0.031654383328691006	499.00200400801606
0.031654383328691006	499.00200400801606
0.031654383328691006	499.00200400801606
0.031654383328691006	499.00200400801606
0.031654383328691006	499.00200400801606
0.031654383328691006	499.00200400801606
0.031654383328691006	499.00200400801606
0.031654383328691006	499.00200400801606
0.031654383328691006	499.00200400801606
0.031654383328691006	499.00200400801606
0.031654383328691006	499.00200400801606
0.031654383328691006	499.00200400801606
0.031654383328691006	499.00200400801606
0.031654383328691006	499.00200400801606
0.031654383328691006	499.00200400801606
0.031654383328691006	499.00200400801606
0.031654383328691006	499.00200400801606
0.031654383328691006	499.00200400801606
0.031654383328691006	499.00200400801606
0.031654383328691006	499.00200400801606
0.031654383328691006	499.00200400801606
0.031654383328691006	499.00200400801606
0.031654383328691006	499.00200400801606
0.031654383328691006	499.00200400801606
0.031654383328691006	499.00200400801606
0.031654383328691006	499.00200400801606
0.031654383328691006	499.00200400801606
0.031654383328691006	499.00200400801606
0.031654383328691006	499.00200400801606
0.031654383328691006	499.00200400801606
0.031654383328691006	499.00200400801606
0.031654383328691006	499.00200400801606
0.031654383328691006	499.00200400801606
0.031654383328691006	499.00200400801606
0.031654383328691006	499.00200400801606
0.031654383328691006	499.00200400801606
0.031654383328691006	499.00200400801606
0.031654383328691006	499.00200400801606
0.031654383328691006	499.00200400801606
0.031654383328691006	499.00200400801606
0.031654383328691006	499.00200400801606
0.031654383328691006	499.00200400801606
0.031654383328691006	499.00200400801606
0.031654383328691006	499.00200400801606
0.031654383328691006	499.00200400801606
0.031654383328691006	499.00200400801606
0.031654383328691006	499.00200400801606
0.031654383328691006	499.00200400801606
0.031654383328691006	499.00200400801606
0.031654383328691006	499.00200400801606
0.031654383328691006	499.00200400801606
0.031654383328691006	499.00200400801606
0.031654383328691006	499.00200400801606
0.031654383328691006	499.00200400801606
0.031654383328691006	499.00200400801606
0.031654383328691006	499.00200400801606
0.031654383328691006	499.00200400801606
0.031654383328691006	499.00200400801606
0.031654383328691006	499.00200400801606
0.031654383328691006	499.00200400801606
0.031654383328691006	499.00200400801606
0.031654383328691006	499.00200400801606
0.031654383328691006	499.00200400801606
0.031654383328691006	499.00200400801606
0.031654383328691006	499.00200400801606
0.031654383328691006	499.00200400801606
0.031654383328691006	499.00200400801606
0.031654383328691006	499.00200400801606
0.031654383328691006	499.00200400801606
0.031654383328691006	499.00200400801606
0.031654383328691006	499.00200400801606
0.031654383328691006	499.00200400801606
0.031654383328691006	499.00200400801606
0.031654383328691006	499.00200400801606
0.031654383328691006	499.00200400801606
0.031654383328691006	499.00200400801606
0.031654383328691006	499.00200400801606
0.031654383328691006	499.00200400801606
0.031654383328691006	499.00200400801606
0.031654383328691006	499.00200400801606
0.031654383328691006	499.00200400801606
0.031654383328691006	499.00200400801606
0.031654383328691006	499.00200400801606
0.031654383328691006	499.00200400801606
0.031654383328691006	499.00200400801606
0.031654383328691006	499.00200400801606
0.031654383328691006	499.00200400801606
0.031654383328691006	499.00200400801606
0.031654383328691006	499.00200400801606
0.031654383328691006	499.00200400801606
0.031654383328691006	499.00200400801606
0.031654383328691006	499.00200400801606
0.031654383328691006	499.00200400801606
0.031654383328691006	499.00200400801606
0.031654383328691006	499.00200400801606
0.031654383328691006	499.00200400801606
0.031654383328691006	499.00200400801606
0.031654383328691006	499.00200400801606
0.031654383328691006	499.00200400801606
0.031654383328691006	499.00200400801606
0.031654383328691006	499.00200400801606
0.031654383328691006	499.00200400801606
0.031654383328691006	499.00200400801606
0.031654383328691006	499.00200400801606
0.031654383328691006	499.00200400801606
0.031654383328691006	499.00200400801606
0.031654383328691006	499.00200400801606
0.031654383328691006	499.00200400801606
0.031654383328691006	499.00200400801606
0.031654383328691006	499.00200400801606
0.031654383328691006	499.00200400801606
0.031654383328691006	499.00200400801606
0.031654383328691006	499.00200400801606
0.031654383328691006	499.00200400801606
0.031654383328691006	499.00200400801606
0.031654383328691006	499.00200400801606
0.031654383328691006	499.00200400801606
0.031654383328691006	499.00200400801606
0.031654383328691006	499.00200400801606
0.031654383328691006	499.00200400801606
0.031654383328691006	499.00200400801606
0.031654383328691006	499.00200400801606
0.031654383328691006	499.00200400801606
0.031654383328691006	499.00200400801606
0.031654383328691006	499.00200400801606
0.031654383328691006	499.00200400801606
0.031654383328691006	499.00200400801606
0.031654383328691006	499.00200400801606
0.031654383328691006	499.00200400801606
0.031654383328691006	499.00200400801606
0.031654383328691006	499.00200400801606
0.031654383328691006	499.00200400801606
0.031654383328691006	499.00200400801606
0.031654383328691006	499.00200400801606
0.031654383328691006	499.00200400801606
0.031654383328691006	499.00200400801606
0.031654383328691006	499.00200400801606
0.031654383328691006	499.00200400801606
0.031654383328691006	499.00200400801606
0.031654383328691006	499.00200400801606
0.031654383328691006	499.00200400801606
0.031654383328691006	499.00200400801606
0.031654383328691006	499.00200400801606
0.031654383328691006	499.00200400801606
0.031654383328691006	499.00200400801606
0.031654383328691006	499.00200400801606
0.031654383328691006	499.00200400801606
0.031654383328691006	499.00200400801606
0.031654383328691006	499.00200400801606
0.031654383328691006	499.00200400801606
0.031654383328691006	499.00200400801606
0.031654383328691006	499.00200400801606
0.031654383328691006	499.00200400801606
0.031654383328691006	499.00200400801606
0.031654383328691006	499.00200400801606
0.031654383328691006	499.00200400801606
0.031654383328691006	499.00200400801606
0.031654383328691006	499.00200400801606
0.031654383328691006	499.00200400801606
0.031654383328691006	499.00200400801606
0.031654383328691006	499.00200400801606
0.031654383328691006	499.00200400801606
0.031654383328691006	499.00200400801606
0.031654383328691006	499.00200400801606
0.031654383328691006	499.00200400801606
0.031654383328691006	499.00200400801606
0.031654383328691006	499.00200400801606
0.031654383328691006	499.00200400801606
0.031654383328691006	499.00200400801606
0.031654383328691006	499.00200400801606
0.031654383328691006	499.00200400801606
0.031654383328691006	499.00200400801606
0.031654383328691006	499.00200400801606
0.031654383328691006	499.00200400801606
0.031654383328691006	499.00200400801606
0.031654383328691006	499.00200400801606
0.031654383328691006	499.00200400801606
0.031654383328691006	499.00200400801606
0.031654383328691006	499.00200400801606
0.031654383328691006	499.00200400801606
0.031654383328691006	499.00200400801606
0.031654383328691006	499.00200400801606
0.031654383328691006	499.00200400801606
0.031654383328691006	499.00200400801606
0.031654383328691006	499.00200400801606
0.031654383328691006	499.00200400801606
0.031654383328691006	499.00200400801606
0.031654383328691006	499.00200400801606
0.031654383328691006	499.00200400801606
0.031654383328691006	499.00200400801606
0.031654383328691006	499.00200400801606
0.031654383328691006	499.00200400801606
0.031654383328691006	499.00200400801606
0.031654383328691006	499.00200400801606
0.031654383328691006	499.00200400801606
0.031654383328691006	499.00200400801606
0.031654383328691006	499.00200400801606
0.031654383328691006	499.00200400801606
0.031654383328691006	499.00200400801606
0.031654383328691006	499.00200400801606
0.031654383328691006	499.00200400801606
0.031654383328691006	499.00200400801606
0.031654383328691006	499.00200400801606
0.031654383328691006	499.00200400801606
0.031654383328691006	499.00200400801606
0.031654383328691006	499.00200400801606
0.031654383328691006	499.00200400801606
0.031654383328691006	499.00200400801606
0.031654383328691006	499.00200400801606
0.031654383328691006	499.00200400801606
0.031654383328691006	499.00200400801606
0.031654383328691006	499.00200400801606
0.031654383328691006	499.00200400801606
0.031654383328691006	499.00200400801606
0.031654383328691006	499.00200400801606
0.031654383328691006	499.00200400801606
0.031654383328691006	499.00200400801606
0.031654383328691006	499.00200400801606
0.031654383328691006	499.00200400801606
0.031654383328691006	499.00200400801606
0.031654383328691006	499.00200400801606
0.031654383328691006	499.00200400801606
0.031654383328691006	499.00200400801606
0.031654383328691006	499.00200400801606
0.031654383328691006	499.00200400801606
0.031654383328691006	499.00200400801606
0.031654383328691006	499.00200400801606
0.031654383328691006	499.00200400801606
0.031654383328691006	499.00200400801606
0.031654383328691006	499.00200400801606
0.031654383328691006	499.00200400801606
0.031654383328691006	499.00200400801606
0.031654383328691006	499.00200400801606
0.031654383328691006	499.00200400801606
0.031654383328691006	499.00200400801606
0.031654383328691006	499.00200400801606
0.031654383328691006	499.00200400801606
0.031654383328691006	499.00200400801606
0.031654383328691006	499.00200400801606
0.031654383328691006	499.00200400801606
0.031654383328691006	499.00200400801606
0.031654383328691006	499.00200400801606
0.031654383328691006	499.00200400801606
0.031654383328691006	499.00200400801606
0.031654383328691006	499.00200400801606
0.031654383328691006	499.00200400801606
0.031654383328691006	499.00200400801606
0.031654383328691006	499.00200400801606
0.031654383328691006	499.00200400801606
0.031654383328691006	499.00200400801606
0.031654383328691006	499.00200400801606
0.031654383328691006	499.00200400801606
0.031654383328691006	499.00200400801606
0.031654383328691006	499.00200400801606
0.031654383328691006	499.00200400801606
0.031654383328691006	499.00200400801606
0.031654383328691006	499.00200400801606
0.031654383328691006	499.00200400801606
0.031654383328691006	499.00200400801606
0.031654383328691006	499.00200400801606
0.031654383328691006	499.00200400801606
0.031654383328691006	499.00200400801606
0.031654383328691006	499.00200400801606
0.031654383328691006	499.00200400801606
0.031654383328691006	499.00200400801606
0.031654383328691006	499.00200400801606
0.031654383328691006	499.00200400801606
0.031654383328691006	499.00200400801606
0.031654383328691006	499.00200400801606
0.031654383328691006	499.00200400801606
0.031654383328691006	499.00200400801606
0.031654383328691006	499.00200400801606
0.031654383328691006	499.00200400801606
0.031654383328691006	499.00200400801606
0.031654383328691006	499.00200400801606
0.031654383328691006	499.00200400801606
0.031654383328691006	499.00200400801606
0.031654383328691006	499.00200400801606
0.031654383328691006	499.00200400801606
0.031654383328691006	499.00200400801606
0.031654383328691006	499.00200400801606
0.031654383328691006	499.00200400801606
0.031654383328691006	499.00200400801606
0.031654383328691006	499.00200400801606
0.031654383328691006	499.00200400801606
0.031654383328691006	499.00200400801606
0.031654383328691006	499.00200400801606
0.031654383328691006	499.00200400801606
0.031654383328691006	499.00200400801606
0.031654383328691006	499.00200400801606
0.031654383328691006	499.00200400801606
0.031654383328691006	499.00200400801606
0.031654383328691006	499.00200400801606
0.031654383328691006	499.00200400801606
0.031654383328691006	499.00200400801606
0.031654383328691006	499.00200400801606
0.031654383328691006	499.00200400801606
0.031654383328691006	499.00200400801606
0.031654383328691006	499.00200400801606
0.031654383328691006	499.00200400801606
0.031654383328691006	499.00200400801606
0.031654383328691006	499.00200400801606
0.031654383328691006	499.00200400801606
0.031654383328691006	499.00200400801606
0.031654383328691006	499.00200400801606
0.031654383328691006	499.00200400801606
0.031654383328691006	499.00200400801606
0.031654383328691006	499.00200400801606
0.031654383328691006	499.00200400801606
0.031654383328691006	499.00200400801606
0.031654383328691006	499.00200400801606
0.031654383328691006	499.00200400801606
0.031654383328691006	499.00200400801606
0.031654383328691006	499.00200400801606
0.031654383328691006	499.00200400801606
0.031654383328691006	499.00200400801606
0.031654383328691006	499.00200400801606
0.031654383328691006	499.00200400801606
0.031654383328691006	499.00200400801606
0.031654383328691006	499.00200400801606
0.031654383328691006	499.00200400801606
0.031654383328691006	499.00200400801606
0.031654383328691006	499.00200400801606
0.031654383328691006	499.00200400801606
0.031654383328691006	499.00200400801606
0.031654383328691006	499.00200400801606
0.031654383328691006	499.00200400801606
0.031654383328691006	499.00200400801606
0.031654383328691006	499.00200400801606
0.031654383328691006	499.00200400801606
0.031654383328691006	499.00200400801606
0.031654383328691006	499.00200400801606
0.031654383328691006	499.00200400801606
0.031654383328691006	499.00200400801606
0.031654383328691006	499.00200400801606
0.031654383328691006	499.00200400801606
0.031654383328691006	499.00200400801606
0.031654383328691006	499.00200400801606
0.031654383328691006	499.00200400801606
0.031654383328691006	499.00200400801606
0.031654383328691006	499.00200400801606
0.031654383328691006	499.00200400801606
0.031654383328691006	499.00200400801606
0.031654383328691006	499.00200400801606
0.031654383328691006	499.00200400801606
0.031654383328691006	499.00200400801606
0.031654383328691006	499.00200400801606
0.031654383328691006	499.00200400801606
0.031654383328691006	499.00200400801606
0.031654383328691006	499.00200400801606
0.031654383328691006	499.00200400801606
0.031654383328691006	499.00200400801606
0.031654383328691006	499.00200400801606
0.031654383328691006	499.00200400801606
0.031654383328691006	499.00200400801606
0.031654383328691006	499.00200400801606
0.031654383328691006	499.00200400801606
0.031654383328691006	499.00200400801606
0.031654383328691006	499.00200400801606
0.031654383328691006	499.00200400801606
0.031654383328691006	499.00200400801606
0.031654383328691006	499.00200400801606
0.031654383328691006	499.00200400801606
0.031654383328691006	499.00200400801606
0.031654383328691006	499.00200400801606
0.031654383328691006	499.00200400801606
0.031654383328691006	499.00200400801606
0.031654383328691006	499.00200400801606
0.031654383328691006	499.00200400801606
0.031654383328691006	499.00200400801606
0.031654383328691006	499.00200400801606
0.031654383328691006	499.00200400801606
0.031654383328691006	499.00200400801606
0.031654383328691006	499.00200400801606
0.031654383328691006	499.00200400801606
0.031654383328691006	499.00200400801606
0.031654383328691006	499.00200400801606
0.031654383328691006	499.00200400801606
0.031654383328691006	499.00200400801606
0.031654383328691006	499.00200400801606
0.031654383328691006	499.00200400801606
0.031654383328691006	499.00200400801606
0.031654383328691006	499.00200400801606
0.031654383328691006	499.00200400801606
0.031654383328691006	499.00200400801606
0.031654383328691006	499.00200400801606
0.031654383328691006	499.00200400801606
0.031654383328691006	499.00200400801606
0.031654383328691006	499.00200400801606
0.031654383328691006	499.00200400801606
0.031654383328691006	499.00200400801606
0.031654383328691006	499.00200400801606
0.031654383328691006	499.00200400801606
0.031654383328691006	499.00200400801606
0.031654383328691006	499.00200400801606
0.031654383328691006	499.00200400801606
0.031654383328691006	499.00200400801606
0.031654383328691006	499.00200400801606
0.031654383328691006	499.00200400801606
0.031654383328691006	499.00200400801606
0.031654383328691006	499.00200400801606
0.031654383328691006	499.00200400801606
0.031654383328691006	499.00200400801606
0.031654383328691006	499.00200400801606
0.03168589490127916	499.00400801603206
0.03168589490127916	499.00400801603206
0.03168589490127916	499.00400801603206
0.03168589490127916	499.00400801603206
0.03174888759219171	499.0060120240481
0.03196847894801397	499.0100200400802
0.032340732757051426	499.01603206412824
0.03280089158480101	499.0200400801603
0.03370254512698611	499.0260521042084
0.03489566797051743	499.03406813627254
0.0408787277544311	499.06012024048096
0.044411650671131106	499.0741482965932
0.05754221871647394	499.1102204408818
0.07224609607559565	499.14629258517033
0.0815163159918263	499.17234468937875
0.098462443888334	499.2144288577154
0.114106800989295	499.2565130260521
0.13160421849036694	499.312625250501
0.15864829611798156	499.3867735470942
0.1829893248383453	499.4529058116232
0.21002795399841642	499.5450901803607
0.24362641731994697	499.65130260521045
0.26577732490312167	499.7575150300601
0.30205433753709027	499.91182364729457
0.33128849095414975	500.0501002004008
0.36450573282920595	500.2204408817635
0.40029333115940163	500.3947895791583
0.4313371340459541	500.5851703406814
0.46298479345398524	500.82765531062125
0.495977901231568	501.12224448897797
0.535088020420814	501.47895791583164
0.5762877918886634	501.88376753507015
0.6162595498039454	502.38476953907815
0.6635224098009687	503.0360721442886
0.7148503691382047	503.8356713426854
0.7748827311060563	504.8897795591182
0.8318154145216013	505.99599198396794
0.8963554268808783	507.3947895791583
0.9774709031218765	509.2945891783567
1.064415236682932	511.53306613226454
1.1680513888817559	514.4629258517034
1.2836948913807489	518.0180360721442
1.412848485627189	522.2605210420842
1.564560286706954	527.5470941883767
1.736556596676316	533.8597194388777
1.9181787934964747	541.1763527054109
2.115288127333732	550.0040080160321
2.3289269764746545	560.2705410821643
2.550429278531795	572.0961923847696
2.7685798473467638	585.5511022044088
2.9850089545414904	600.8416833667335
3.1917654060953984	618.0480961923847
3.37406828200963	637.1763527054109
3.534018462236006	658.2585170340682
3.6571939345680162	680.6132264529058
3.748216733184251	704.8597194388777
3.790083909139126	729.9619238476954
3.786839000355508	755.9018036072144
3.7312693600367988	781.7615230460922
3.6222140538153735	807.6793587174349
3.4665876700034395	832.8557114228457
3.259014196360532	857.0260521042084
3.019152121834287	879.6633266533066
2.7500419824362603	900.0420841683367
2.4583278427689037	918.6052104208417
2.1599240536566446	934.503006012024
1.857347766863177	948.5891783567134
1.570429716255478	960.1402805611223
1.3027501693354102	969.5731462925852
1.0503131653962763	977.3386773547094
0.8270390286307904	983.2825651302605
0.6401945072659617	987.7835671342685
0.47854799428151057	991.130260521042
0.34805548838603145	993.4689378757515
0.2433110512830207	995.1623246492986
0.1726850519297923	996.2124248496993
0.11587149873143365	996.9619238476954
0.07870254291979278	997.372745490982
0.049730646136259826	997.6492985971944
0.03053995659603087	997.8236472945891
0.015732197692020354	997.9258517034068
0.007309440939868228	997.9719438877755
0.0037297856482066153	997.9879759519038
0.002447009465775008	997.9939879759519
0.0014156270581757832	997.997995991984
0.0	998.0
0.0	998.0
0.0	998.0
0.0	998.0
0.0	998.0
0.0	998.0
0.0	998.0
0.0	998.0
0.0	998.0
0.0	998.0
0.0	998.0
0.0	998.0
0.0	998.0
